   9.1825428e-08   1.0000000e-16
   9.1825428e-08   9.2082191e-08
   9.6157460e-08   3.4094535e-07
   1.0069386e-07   5.6852334e-07
   1.0544428e-07   7.6822254e-07
   1.1041881e-07   9.4758296e-07
   1.1562801e-07   1.1099360e-06
   1.2108298e-07   1.2508891e-06
   1.2679528e-07   1.3714591e-06
   1.3277708e-07   1.4832736e-06
   1.3904108e-07   1.5845227e-06
   1.4560060e-07   1.6670586e-06
   1.5246957e-07   1.7447461e-06
   1.5966260e-07   1.8104019e-06
   1.6719498e-07   1.8644037e-06
   1.7508270e-07   1.9133408e-06
   1.8334255e-07   1.9515222e-06
   1.9199207e-07   1.9851056e-06
   2.0104964e-07   2.0141515e-06
   2.1053452e-07   2.0342009e-06
   2.2046687e-07   2.0505729e-06
   2.3086780e-07   2.0633544e-06
   2.4175941e-07   2.0727687e-06
   2.5316485e-07   2.0789388e-06
   2.6510836e-07   2.0790356e-06
   2.7761533e-07   2.0796081e-06
   2.9071234e-07   2.0749273e-06
   3.0442722e-07   2.0682653e-06
   3.1878913e-07   2.0597183e-06
   3.3382859e-07   2.0495018e-06
   3.4957756e-07   2.0377013e-06
   3.6606951e-07   2.0245221e-06
   3.8333951e-07   2.0100358e-06
   4.0142425e-07   1.9929392e-06
   4.2036217e-07   1.9764354e-06
   4.4019352e-07   1.9589762e-06
   4.6096045e-07   1.9396033e-06
   4.8270710e-07   1.9207079e-06
   5.0547968e-07   1.9002604e-06
   5.2932661e-07   1.8802669e-06
   5.5429855e-07   1.8590301e-06
   5.8044859e-07   1.8382285e-06
   6.0783231e-07   1.8164095e-06
   6.3650791e-07   1.7944590e-06
   6.6653633e-07   1.7729208e-06
   6.9798139e-07   1.7507142e-06
   7.3090993e-07   1.7284235e-06
   7.6539194e-07   1.7066009e-06
   8.0150070e-07   1.6842744e-06
   8.3931295e-07   1.6619909e-06
   8.7890907e-07   1.6398135e-06
   9.2037320e-07   1.6180067e-06
   9.6379348e-07   1.5960023e-06
   1.0092622e-06   1.5740856e-06
   1.0568760e-06   1.5523522e-06
   1.1067360e-06   1.5307349e-06
   1.1589483e-06   1.5092863e-06
   1.2136238e-06   1.4880591e-06
   1.2708787e-06   1.4671662e-06
   1.3308347e-06   1.4463138e-06
   1.3936193e-06   1.4256251e-06
   1.4593658e-06   1.4051922e-06
   1.5282140e-06   1.3849338e-06
   1.6003103e-06   1.3649420e-06
   1.6758079e-06   1.3451324e-06
   1.7548671e-06   1.3254360e-06
   1.8376562e-06   1.3061403e-06
   1.9243510e-06   1.2870323e-06
   2.0151357e-06   1.2682060e-06
   2.1102034e-06   1.2495693e-06
   2.2097561e-06   1.2311300e-06
   2.3140054e-06   1.2129719e-06
   2.4231728e-06   1.1950501e-06
   2.5374904e-06   1.1773391e-06
   2.6572011e-06   1.1598932e-06
   2.7825594e-06   1.1426637e-06
   2.9138317e-06   1.1256893e-06
   3.0512970e-06   1.1089351e-06
   3.1952475e-06   1.0924264e-06
   3.3459891e-06   1.0760880e-06
   3.5038422e-06   1.0600336e-06
   3.6691424e-06   1.0441559e-06
   3.8422408e-06   1.0285586e-06
   4.0235055e-06   1.0131321e-06
   4.2133217e-06   9.9798227e-07
   4.4120929e-06   9.8299736e-07
   4.6202414e-06   9.6828515e-07
   4.8382097e-06   9.5368456e-07
   5.0664610e-06   9.3934370e-07
   5.3054805e-06   9.2526966e-07
   5.5557762e-06   9.1130027e-07
   5.8178801e-06   8.9759512e-07
   6.0923492e-06   8.8407741e-07
   6.3797668e-06   8.7077575e-07
   6.6807439e-06   8.5761187e-07
   6.9959202e-06   8.4464233e-07
   7.3259654e-06   8.3192655e-07
   7.6715812e-06   8.1933852e-07
   8.0335020e-06   8.0700010e-07
   8.4124970e-06   7.9474334e-07
   8.8093719e-06   7.8277222e-07
   9.2249701e-06   7.7087710e-07
   9.6601748e-06   7.5919730e-07
   1.0115911e-05   7.4771911e-07
   1.0593148e-05   7.3638496e-07
   1.1092899e-05   7.2524917e-07
   1.1616226e-05   7.1421307e-07
   1.2164243e-05   7.0341007e-07
   1.2738113e-05   6.9270065e-07
   1.3339057e-05   6.8215048e-07
   1.3968351e-05   6.7182848e-07
   1.4627334e-05   6.6159075e-07
   1.5317405e-05   6.5157785e-07
   1.6040031e-05   6.4164338e-07
   1.6796749e-05   6.3193056e-07
   1.7589166e-05   6.2225419e-07
   1.8418967e-05   6.1275752e-07
   1.9287915e-05   6.0347834e-07
   2.0197858e-05   5.9422710e-07
   2.1150728e-05   5.8522651e-07
   2.2148552e-05   5.7624854e-07
   2.3193451e-05   5.6743927e-07
   2.4287644e-05   5.5880543e-07
   2.5433458e-05   5.5025710e-07
   2.6633327e-05   5.4188182e-07
   2.7889803e-05   5.3355127e-07
   2.9205555e-05   5.2546225e-07
   3.0583380e-05   5.1737735e-07
   3.2026207e-05   5.0941198e-07
   3.3537102e-05   5.0164988e-07
   3.5119275e-05   4.9391923e-07
   3.6776091e-05   4.8642482e-07
   3.8511070e-05   4.7892175e-07
   4.0327900e-05   4.7161793e-07
   4.2230442e-05   4.6433564e-07
   4.4222740e-05   4.5716063e-07
   4.6309028e-05   4.5018257e-07
   4.8493741e-05   4.4321839e-07
   5.0781521e-05   4.3644951e-07
   5.3177232e-05   4.2968979e-07
   5.5685964e-05   4.2302934e-07
   5.8313051e-05   4.1656235e-07
   6.1064075e-05   4.1009713e-07
   6.3944884e-05   4.0382398e-07
   6.6961601e-05   3.9754808e-07
   7.0120636e-05   3.9136404e-07
   7.3428704e-05   3.8533605e-07
   7.6892837e-05   3.7933277e-07
   8.0520397e-05   3.7351901e-07
   8.4319093e-05   3.6769100e-07
   8.8297000e-05   3.6194798e-07
   9.2462571e-05   3.5639343e-07
   9.6824661e-05   3.5078327e-07
   1.0139254e-04   3.4539517e-07
   1.0617592e-04   3.3998175e-07
   1.1118496e-04   3.3464694e-07
   1.1643031e-04   3.2949903e-07
   1.2192313e-04   3.2428472e-07
   1.2767507e-04   3.1929105e-07
   1.3369837e-04   3.1426138e-07
   1.4000584e-04   3.0930441e-07
   1.4661087e-04   3.0449894e-07
   1.5352750e-04   2.9968540e-07
   1.6077044e-04   2.9505724e-07
   1.6835508e-04   2.9038278e-07
   1.7629754e-04   2.8574123e-07
   1.8461469e-04   2.8131933e-07
   1.9332423e-04   2.7684492e-07
   2.0244465e-04   2.7252121e-07
   2.1199535e-04   2.6817557e-07
   2.2199661e-04   2.6389217e-07
   2.3246971e-04   2.5979396e-07
   2.4343689e-04   2.5559924e-07
   2.5492147e-04   2.5149822e-07
   2.6694785e-04   2.4758271e-07
   2.7954160e-04   2.4356489e-07
   2.9272948e-04   2.3976675e-07
   3.0653953e-04   2.3589715e-07
   3.2100109e-04   2.3204826e-07
   3.3614490e-04   2.2841956e-07
   3.5200315e-04   2.2471380e-07
   3.6860954e-04   2.2102630e-07
   3.8599936e-04   2.1755958e-07
   4.0420958e-04   2.1401036e-07
   4.2327891e-04   2.1047706e-07
   4.4324786e-04   2.0716522e-07
   4.6415888e-04   2.0376561e-07
   4.8605642e-04   2.0051908e-07
   5.0898702e-04   1.9721597e-07
   5.3299941e-04   1.9395938e-07
   5.5814462e-04   1.9085665e-07
   5.8447611e-04   1.8769235e-07
   6.1204984e-04   1.8457255e-07
   6.4092440e-04   1.8160739e-07
   6.7116118e-04   1.7857590e-07
   7.0282443e-04   1.7555275e-07
   7.3598145e-04   1.7275348e-07
   7.7070271e-04   1.6984908e-07
   8.0706201e-04   1.6695121e-07
   8.4513663e-04   1.6427800e-07
   8.8500749e-04   1.6149531e-07
   9.2675933e-04   1.5871744e-07
   9.7048089e-04   1.5601225e-07
   1.0162651e-03   1.5346470e-07
   1.0642092e-03   1.5083603e-07
   1.1144153e-03   1.4824427e-07
   1.1669898e-03   1.4581079e-07
   1.2220447e-03   1.4329242e-07
   1.2796969e-03   1.4080949e-07
   1.3400689e-03   1.3848538e-07
   1.4032891e-03   1.3607289e-07
   1.4694918e-03   1.3366026e-07
   1.5388178e-03   1.3131539e-07
   1.6114143e-03   1.2916448e-07
   1.6874357e-03   1.2685226e-07
   1.7670435e-03   1.2460653e-07
   1.8504070e-03   1.2239274e-07
   1.9377033e-03   1.2033934e-07
   2.0291180e-03   1.1818901e-07
   2.1248454e-03   1.1603527e-07
   2.2250888e-03   1.1394611e-07
   2.3300614e-03   1.1205181e-07
   2.4399863e-03   1.0998888e-07
   2.5550971e-03   1.0798946e-07
   2.6756384e-03   1.0601909e-07
   2.8018666e-03   1.0404323e-07
   2.9340497e-03   1.0229641e-07
   3.0724688e-03   1.0037750e-07
   3.2174182e-03   9.8520524e-08
   3.3692057e-03   9.6691056e-08
   3.5281541e-03   9.4854618e-08
   3.6946012e-03   9.3246382e-08
   3.8689007e-03   9.1463777e-08
   4.0514232e-03   8.9741705e-08
   4.2425564e-03   8.8045784e-08
   4.4427067e-03   8.6341580e-08
   4.6522995e-03   8.4697199e-08
   4.8717802e-03   8.3078262e-08
   5.1016153e-03   8.1616744e-08
   5.3422933e-03   8.0047804e-08
   5.5943257e-03   7.8469411e-08
   5.8582482e-03   7.6949678e-08
   6.1346217e-03   7.5454260e-08
   6.4240337e-03   7.3948755e-08
   6.7270991e-03   7.2501325e-08
   7.0444623e-03   7.1043443e-08
   7.3767976e-03   6.9643224e-08
   7.7248115e-03   6.8266352e-08
   8.0892435e-03   6.6878447e-08
   8.4708683e-03   6.5708401e-08
   8.8704969e-03   6.4399638e-08
   9.2889787e-03   6.3079227e-08
   9.7272032e-03   6.1815371e-08
   1.0186102e-02   6.0539542e-08
   1.0666650e-02   5.9319892e-08
   1.1169868e-02   5.8122107e-08
   1.1696827e-02   5.6911810e-08
   1.2248646e-02   5.5604296e-08
   1.2826498e-02   5.4438066e-08
   1.3431612e-02   5.3327193e-08
   1.4065272e-02   5.2237370e-08
   1.4728827e-02   5.1134221e-08
   1.5423686e-02   5.0085921e-08
   1.6151327e-02   4.9023966e-08
   1.6913295e-02   4.8016476e-08
   1.7711211e-02   4.7029142e-08
   1.8546769e-02   4.6027588e-08
   1.9421747e-02   4.4941226e-08
   2.0338003e-02   4.4014887e-08
   2.1297485e-02   4.3073780e-08
   2.2302233e-02   4.2186088e-08
   2.3354381e-02   4.1283261e-08
   2.4456167e-02   4.0433426e-08
   2.5609931e-02   3.9474061e-08
   2.6818126e-02   3.8628998e-08
   2.8083320e-02   3.7836352e-08
   2.9408202e-02   3.7027573e-08
   3.0795587e-02   3.6150285e-08
   3.2248425e-02   3.5413058e-08
   3.3769803e-02   3.4659036e-08
   3.5362955e-02   3.3841943e-08
   3.7031267e-02   3.3124056e-08
   3.8778284e-02   3.2457019e-08
   4.0607720e-02   3.1698313e-08
   4.2523463e-02   3.1031880e-08
   4.4529585e-02   3.0415603e-08
   4.6630349e-02   2.9713278e-08
   4.8830221e-02   2.9096140e-08
   5.1133875e-02   2.8430935e-08
   5.3546209e-02   2.7846120e-08
   5.6072349e-02   2.7310198e-08
   5.8717664e-02   2.6697642e-08
   6.1487777e-02   2.6158289e-08
   6.4388574e-02   2.5580218e-08
   6.7426222e-02   2.5070537e-08
   7.0607177e-02   2.4525815e-08
   7.3938199e-02   2.4078853e-08
   7.7426368e-02   2.3532154e-08
   8.1079098e-02   2.3036364e-08
   8.4904152e-02   2.2596909e-08
   8.8909660e-02   2.2131461e-08
   9.3104135e-02   2.1751868e-08
   9.7496492e-02   2.1281375e-08
   1.0209607e-01   2.0860170e-08
   1.0691263e-01   2.0483713e-08
   1.1195643e-01   2.0089704e-08
   1.1723818e-01   1.9770226e-08
   1.2276910e-01   1.9368016e-08
   1.2856096e-01   1.9013427e-08
   1.3462606e-01   1.8671969e-08
   1.4097729e-01   1.8362179e-08
   1.4762815e-01   1.8044105e-08
   1.5459277e-01   1.7703986e-08
   1.6188597e-01   1.7457852e-08
   1.6952323e-01   1.7173441e-08
   1.7752080e-01   1.6865991e-08
   1.8589567e-01   1.6603529e-08
   1.9466563e-01   1.6317395e-08
   2.0384934e-01   1.6115842e-08
   2.1346630e-01   1.5882400e-08
   2.2353696e-01   1.5624351e-08
   2.3408273e-01   1.5409732e-08
   2.4512601e-01   1.5169919e-08
   2.5669027e-01   1.4972910e-08
   2.6880010e-01   1.4816474e-08
   2.8148124e-01   1.4600518e-08
   2.9476063e-01   1.4426567e-08
   3.0866649e-01   1.4260202e-08
   3.2322840e-01   1.4066945e-08
   3.3847729e-01   1.3914909e-08
   3.5444557e-01   1.3735492e-08
   3.7116718e-01   1.3596767e-08
   3.8867767e-01   1.3464356e-08
   4.0701425e-01   1.3303819e-08
   4.2621588e-01   1.3204876e-08
   4.4632339e-01   1.3054913e-08
   4.6737951e-01   1.2944530e-08
   4.8942899e-01   1.2839384e-08
   5.1251869e-01   1.2705074e-08
   5.3669769e-01   1.2609755e-08
   5.6201738e-01   1.2484912e-08
   5.8853158e-01   1.2398662e-08
   6.1629663e-01   1.2316698e-08
   6.4537154e-01   1.2204657e-08
   6.7581812e-01   1.2130713e-08
   7.0770107e-01   1.2026391e-08
   7.4108815e-01   1.1959827e-08
   7.7605033e-01   1.1896750e-08
   8.1266192e-01   1.1802828e-08
   8.5100072e-01   1.1746254e-08
   8.9114823e-01   1.1692751e-08
   9.3318977e-01   1.1607986e-08
   9.7721470e-01   1.1560203e-08
   1.0233166e+00   1.1480941e-08
   1.0715934e+00   1.1438403e-08
   1.1221478e+00   1.1398344e-08
   1.1750871e+00   1.1326457e-08
   1.2305240e+00   1.1290998e-08
   1.2885762e+00   1.1223540e-08
   1.3493671e+00   1.1192294e-08
   1.4130260e+00   1.1163040e-08
   1.4796881e+00   1.1101498e-08
   1.5494950e+00   1.1075931e-08
   1.6225953e+00   1.1011892e-08
   1.6991442e+00   1.0989962e-08
   1.7793044e+00   1.0969619e-08
   1.8632463e+00   1.0916602e-08
   1.9511483e+00   1.0899182e-08
   2.0431973e+00   1.0883148e-08
   2.1395889e+00   1.0834233e-08
   2.2405279e+00   1.0820750e-08
   2.3462288e+00   1.0774297e-08
   2.4569165e+00   1.0763144e-08
   2.5728260e+00   1.0753099e-08
   2.6942037e+00   1.0709912e-08
   2.8213077e+00   1.0701897e-08
   2.9544080e+00   1.0660674e-08
   3.0937876e+00   1.0654511e-08
   3.2397426e+00   1.0649234e-08
   3.3925834e+00   1.0610607e-08
   3.5526347e+00   1.0606943e-08
   3.7202367e+00   1.0569880e-08
   3.8957456e+00   1.0567686e-08
   4.0795345e+00   1.0566199e-08
   4.2719940e+00   1.0531198e-08
   4.4735331e+00   1.0530991e-08
   4.6845801e+00   1.0497236e-08
   4.9055837e+00   1.0498195e-08
   5.1370135e+00   1.0501690e-08
   5.3793615e+00   1.0469485e-08
   5.6331427e+00   1.0471942e-08
   5.8988964e+00   1.0474898e-08
   6.1771876e+00   1.0444126e-08
   6.4686077e+00   1.0447970e-08
   6.7737760e+00   1.0418071e-08
   7.0933412e+00   1.0422725e-08
   7.4279825e+00   1.0427779e-08
   7.7784111e+00   1.0399015e-08
   8.1453718e+00   1.0404772e-08
   8.5296445e+00   1.0377936e-08
   8.9320460e+00   1.0384283e-08
   9.3534315e+00   1.0390954e-08
   9.7946967e+00   1.0363739e-08
   1.0256779e+01   1.0370970e-08
   1.0740662e+01   1.0344316e-08
   1.1247372e+01   1.0353022e-08
   1.1777987e+01   1.0360987e-08
   1.2333635e+01   1.0335013e-08
   1.2915497e+01   1.0343425e-08
   1.3524809e+01   1.0352890e-08
   1.4162866e+01   1.0327513e-08
   1.4831025e+01   1.0336514e-08
   1.5530706e+01   1.0311536e-08
   1.6263395e+01   1.0321598e-08
   1.7030650e+01   1.0331117e-08
   1.7834102e+01   1.0306615e-08
   1.8675458e+01   1.0317076e-08
   1.9556507e+01   1.0292873e-08
   2.0479121e+01   1.0302966e-08
   2.1445261e+01   1.0313779e-08
   2.2456980e+01   1.0289960e-08
   2.3516429e+01   1.0300437e-08
   2.4625859e+01   1.0277389e-08
   2.5787629e+01   1.0288077e-08
   2.7004207e+01   1.0299367e-08
   2.8278180e+01   1.0276100e-08
   2.9612254e+01   1.0287101e-08
   3.1009266e+01   1.0264479e-08
   3.2472185e+01   1.0275648e-08
   3.4004119e+01   1.0287326e-08
   3.5608326e+01   1.0264508e-08
   3.7288213e+01   1.0276308e-08
   3.9047352e+01   1.0288181e-08
   4.0889482e+01   1.0265568e-08
   4.2818518e+01   1.0277549e-08
   4.4838559e+01   1.0255086e-08
   4.6953900e+01   1.0267165e-08
   4.9169036e+01   1.0278997e-08
   5.1488675e+01   1.0257010e-08
   5.3917746e+01   1.0269240e-08
   5.6461414e+01   1.0247067e-08
   5.9125084e+01   1.0259376e-08
   6.1914418e+01   1.0271739e-08
   6.4835343e+01   1.0249701e-08
   6.7894068e+01   1.0262134e-08
   7.1097094e+01   1.0240448e-08
   7.4451229e+01   1.0252938e-08
   7.7963601e+01   1.0265241e-08
   8.1641676e+01   1.0243644e-08
   8.5493271e+01   1.0256238e-08
   8.9526571e+01   1.0268877e-08
   9.3750150e+01   1.0247141e-08
   9.8172984e+01   1.0259829e-08
   1.0280447e+02   1.0238376e-08
   1.0765446e+02   1.0251102e-08
   1.1273326e+02   1.0263870e-08
   1.1805165e+02   1.0242474e-08
   1.2362095e+02   1.0255276e-08
   1.2945300e+02   1.0233760e-08
   1.3556018e+02   1.0246597e-08
   1.4195548e+02   1.0259470e-08
   1.4865248e+02   1.0238182e-08
   1.5566544e+02   1.0251083e-08
   1.6300924e+02   1.0229845e-08
   1.7069949e+02   1.0242770e-08
   1.7875255e+02   1.0255727e-08
   1.8718553e+02   1.0234527e-08
   1.9601635e+02   1.0247505e-08
   2.0526378e+02   1.0226349e-08
   2.1494747e+02   1.0239346e-08
   2.2508801e+02   1.0252374e-08
   2.3570694e+02   1.0231247e-08
   2.4682685e+02   1.0244290e-08
   2.5847135e+02   1.0257364e-08
   2.7066521e+02   1.0236261e-08
   2.8343433e+02   1.0249471e-08
   2.9680586e+02   1.0228403e-08
   3.1080822e+02   1.0241499e-08
   3.2547116e+02   1.0254623e-08
   3.4082585e+02   1.0233573e-08
   3.5690493e+02   1.0246706e-08
   3.7374257e+02   1.0225691e-08
   3.9137456e+02   1.0238941e-08
   4.0983837e+02   1.0252107e-08
   4.2917324e+02   1.0231103e-08
   4.4942027e+02   1.0244275e-08
   4.7062248e+02   1.0223303e-08
   4.9282496e+02   1.0236580e-08
   5.1607487e+02   1.0249780e-08
   5.4042164e+02   1.0228816e-08
   5.6591702e+02   1.0242020e-08
   5.9261518e+02   1.0255342e-08
   6.2057288e+02   1.0234384e-08
   6.4984954e+02   1.0247613e-08
   6.8050737e+02   1.0226682e-08
   7.1261154e+02   1.0240002e-08
   7.4623029e+02   1.0253254e-08
   7.8143506e+02   1.0232327e-08
   8.1830068e+02   1.0245664e-08
   8.5690551e+02   1.0224761e-08
   8.9733158e+02   1.0238013e-08
   9.3966483e+02   1.0251368e-08
   9.8399523e+02   1.0230465e-08
   1.0304170e+03   1.0243737e-08
   1.0790288e+03   1.0222936e-08
   1.1299339e+03   1.0236206e-08
   1.1832406e+03   1.0249496e-08
   1.2390622e+03   1.0228691e-08
   1.2975172e+03   1.0241978e-08
   1.3587299e+03   1.0221192e-08
   1.4228305e+03   1.0234476e-08
   1.4899551e+03   1.0247781e-08
   1.5602464e+03   1.0226989e-08
   1.6338539e+03   1.0240289e-08
   1.7109339e+03   1.0253677e-08
   1.7916503e+03   1.0232812e-08
   1.8761747e+03   1.0246193e-08
   1.9646866e+03   1.0225348e-08
   2.0573743e+03   1.0238658e-08
   2.1544347e+03   1.0252051e-08
   2.2560741e+03   1.0231201e-08
   2.3625085e+03   1.0244587e-08
   2.4739641e+03   1.0223756e-08
   2.5906779e+03   1.0237135e-08
   2.7128978e+03   1.0250473e-08
   2.8408837e+03   1.0229694e-08
   2.9749075e+03   1.0243025e-08
   3.1152542e+03   1.0222264e-08
   3.2622220e+03   1.0235588e-08
   3.4161233e+03   1.0248988e-08
   3.5772851e+03   1.0228217e-08
   3.7460500e+03   1.0241553e-08
   3.9227768e+03   1.0254962e-08
   4.1078409e+03   1.0234127e-08
   4.3016358e+03   1.0247528e-08
   4.5045733e+03   1.0226711e-08
   4.7170847e+03   1.0240103e-08
   4.9396217e+03   1.0253462e-08
   5.1726574e+03   1.0232687e-08
   5.4166869e+03   1.0246088e-08
   5.6722290e+03   1.0225280e-08
   5.9398267e+03   1.0238672e-08
   6.2200488e+03   1.0252033e-08
   6.5134909e+03   1.0231263e-08
   6.8207767e+03   1.0244664e-08
   7.1425593e+03   1.0223863e-08
   7.4795225e+03   1.0237254e-08
   7.8323826e+03   1.0250662e-08
   8.2018895e+03   1.0229852e-08
   8.5888286e+03   1.0243251e-08
   8.9940222e+03   1.0222457e-08
   9.4183315e+03   1.0235846e-08
   9.8626585e+03   1.0249253e-08
   1.0327947e+04   1.0228449e-08
   1.0815187e+04   1.0241846e-08
   1.1325413e+04   1.0255261e-08
   1.1859710e+04   1.0234446e-08
   1.2419214e+04   1.0247851e-08
   1.3005113e+04   1.0227093e-08
   1.3618652e+04   1.0240448e-08
   1.4261137e+04   1.0253860e-08
   1.4933932e+04   1.0233090e-08
   1.5638468e+04   1.0246453e-08
   1.6376241e+04   1.0225698e-08
   1.7148820e+04   1.0239091e-08
   1.7957846e+04   1.0252500e-08
   1.8805041e+04   1.0231695e-08
   1.9692203e+04   1.0245095e-08
   2.0621218e+04   1.0224343e-08
   2.1594062e+04   1.0237695e-08
   2.2612801e+04   1.0251102e-08
   2.3679601e+04   1.0230337e-08
   2.4796729e+04   1.0243734e-08
   2.5966560e+04   1.0257112e-08
   2.7191579e+04   1.0236335e-08
   2.8474392e+04   1.0249738e-08
   2.9817723e+04   1.0228976e-08
   3.1224428e+04   1.0242335e-08
   3.2697497e+04   1.0255745e-08
   3.4240061e+04   1.0234970e-08
   3.5855399e+04   1.0248370e-08
   3.7546942e+04   1.0227577e-08
   3.9318288e+04   1.0240966e-08
   4.1173199e+04   1.0254373e-08
   4.3115620e+04   1.0233599e-08
   4.5149678e+04   1.0246964e-08
   4.7279696e+04   1.0226206e-08
   4.9510202e+04   1.0239592e-08
   5.1845935e+04   1.0252995e-08
   5.4291862e+04   1.0232193e-08
   5.6853179e+04   1.0245586e-08
   5.9535331e+04   1.0224829e-08
   6.2344019e+04   1.0238211e-08
   6.5285211e+04   1.0251610e-08
   6.8365160e+04   1.0230812e-08
   7.1590411e+04   1.0244201e-08
   7.4967819e+04   1.0257606e-08
   7.8504562e+04   1.0236824e-08
   8.2208158e+04   1.0250192e-08
   8.6086477e+04   1.0229424e-08
   9.0147763e+04   1.0242809e-08
   9.4400648e+04   1.0256210e-08
   9.8854170e+04   1.0235430e-08
   1.0351780e+05   1.0248795e-08
   1.0840144e+05   1.0228028e-08
   1.1351547e+05   1.0241409e-08
   1.1887077e+05   1.0254807e-08
   1.2447871e+05   1.0234028e-08
   1.3035122e+05   1.0247415e-08
   1.3650078e+05   1.0226626e-08
   1.4294045e+05   1.0240003e-08
   1.4968393e+05   1.0253397e-08
   1.5674554e+05   1.0232619e-08
   1.6414030e+05   1.0246002e-08
   1.7188391e+05   1.0259379e-08
   1.7999285e+05   1.0238588e-08
   1.8848434e+05   1.0251978e-08
   1.9737643e+05   1.0231203e-08
   2.0668802e+05   1.0244582e-08
   2.1643891e+05   1.0257978e-08
   2.2664981e+05   1.0237167e-08
   2.3734243e+05   1.0250553e-08
   2.4853949e+05   1.0229779e-08
   2.6026479e+05   1.0243154e-08
   2.7254325e+05   1.0256546e-08
   2.8540098e+05   1.0235759e-08
   2.9886529e+05   1.0249120e-08
   3.1296480e+05   1.0228347e-08
   3.2772948e+05   1.0241719e-08
   3.4319072e+05   1.0255107e-08
   3.5938137e+05   1.0234321e-08
   3.7633584e+05   1.0247699e-08
   3.9409016e+05   1.0226928e-08
   4.1268208e+05   1.0240276e-08
   4.3215111e+05   1.0253660e-08
   4.5253863e+05   1.0232876e-08
   4.7388796e+05   1.0246250e-08
   4.9624449e+05   1.0259642e-08
   5.1965572e+05   1.0238845e-08
   5.4417143e+05   1.0252225e-08
   5.6984371e+05   1.0231424e-08
   5.9672712e+05   1.0244794e-08
   6.2487881e+05   1.0258182e-08
   6.5435860e+05   1.0237386e-08
   6.8522916e+05   1.0250763e-08
   7.1755609e+05   1.0229983e-08
   7.5140811e+05   1.0243349e-08
   7.8685715e+05   1.0256715e-08
   8.2397857e+05   1.0235921e-08
   8.6285126e+05   1.0249294e-08
   9.0355783e+05   1.0228515e-08
   9.4618482e+05   1.0241878e-08
   9.9082281e+05   1.0255258e-08
   1.0375667e+06   1.0234466e-08
   1.0865158e+06   1.0247818e-08
   1.1377741e+06   1.0261205e-08
   1.1914507e+06   1.0240400e-08
   1.2476596e+06   1.0253776e-08
   1.3065202e+06   1.0232986e-08
   1.3681576e+06   1.0246352e-08
   1.4327030e+06   1.0259734e-08
   1.5002933e+06   1.0238932e-08
   1.5710724e+06   1.0252288e-08
   1.6451906e+06   1.0231500e-08
   1.7228054e+06   1.0244862e-08
   1.8040819e+06   1.0258241e-08
   1.8891928e+06   1.0237440e-08
   1.9783189e+06   1.0250809e-08
   2.0716497e+06   1.0230022e-08
   2.1693835e+06   1.0243381e-08
   2.2717281e+06   1.0256741e-08
   2.3789010e+06   1.0235942e-08
   2.4911300e+06   1.0249307e-08
   2.6086536e+06   1.0262689e-08
   2.7317216e+06   1.0241878e-08
   2.8605955e+06   1.0255249e-08
   2.9955493e+06   1.0234452e-08
   3.1368698e+06   1.0247814e-08
   3.2848574e+06   1.0261192e-08
   3.4398265e+06   1.0240369e-08
   3.6021066e+06   1.0253737e-08
   3.7720425e+06   1.0232942e-08
   3.9499955e+06   1.0246300e-08
   4.1363437e+06   1.0259675e-08
   4.3314832e+06   1.0238867e-08
   4.5358288e+06   1.0252232e-08
   4.7498148e+06   1.0231439e-08
   4.9738960e+06   1.0244781e-08
   5.2085486e+06   1.0258152e-08
   5.4542713e+06   1.0237347e-08
   5.7115865e+06   1.0250708e-08
   5.9810410e+06   1.0229917e-08
   6.2632075e+06   1.0243268e-08
   6.5586857e+06   1.0256636e-08
   6.8681036e+06   1.0235833e-08
   7.1921189e+06   1.0249191e-08
   7.5314202e+06   1.0262554e-08
   7.8867286e+06   1.0241738e-08
   8.2587994e+06   1.0255102e-08
   8.6484233e+06   1.0234301e-08
   9.0564284e+06   1.0247656e-08
   9.4836819e+06   1.0261027e-08
   9.9310918e+06   1.0240214e-08
   1.0399609e+07   1.0253575e-08
   1.0890230e+07   1.0232776e-08
   1.1403996e+07   1.0246127e-08
   1.1942000e+07   1.0259484e-08
   1.2505386e+07   1.0238673e-08
   1.3095350e+07   1.0252031e-08
   1.3713147e+07   1.0231234e-08
   1.4360090e+07   1.0244582e-08
   1.5037553e+07   1.0257947e-08
   1.5746977e+07   1.0237138e-08
   1.6489869e+07   1.0250492e-08
   1.7267809e+07   1.0263864e-08
   1.8082449e+07   1.0243033e-08
   1.8935522e+07   1.0256394e-08
   1.9828839e+07   1.0235588e-08
   2.0764301e+07   1.0248939e-08
   2.1743895e+07   1.0262308e-08
   2.2769703e+07   1.0241488e-08
   2.3843905e+07   1.0254847e-08
   2.4968784e+07   1.0234043e-08
   2.6146732e+07   1.0247391e-08
   2.7380252e+07   1.0260747e-08
   2.8671965e+07   1.0239930e-08
   3.0024617e+07   1.0253285e-08
   3.1441083e+07   1.0232483e-08
   3.2924373e+07   1.0245829e-08
   3.4477641e+07   1.0259191e-08
   3.6104186e+07   1.0238377e-08
   3.7807467e+07   1.0251729e-08
   3.9591103e+07   1.0230929e-08
   4.1458885e+07   1.0244271e-08
   4.3414783e+07   1.0257622e-08
   4.5462955e+07   1.0236810e-08
   4.7607752e+07   1.0250159e-08
   4.9853735e+07   1.0263525e-08
   5.2205675e+07   1.0242701e-08
   5.4668573e+07   1.0256057e-08
   5.7247662e+07   1.0235248e-08
   5.9948425e+07   1.0248594e-08
   6.2776601e+07   1.0261957e-08
   6.5738201e+07   1.0241135e-08
   6.8839521e+07   1.0254480e-08
   7.2087150e+07   1.0233674e-08
   7.5487993e+07   1.0247017e-08
   7.9049276e+07   1.0260377e-08
   8.2778570e+07   1.0239558e-08
   8.6683799e+07   1.0252908e-08
   9.0773265e+07   1.0232103e-08
   9.5055659e+07   1.0245443e-08
   9.9540083e+07   1.0258801e-08
   1.0423607e+08   1.0237984e-08
   1.0915359e+08   1.0251324e-08
   1.1430311e+08   1.0264688e-08
   1.1969557e+08   1.0243859e-08
   1.2534243e+08   1.0257214e-08
   1.3125568e+08   1.0236400e-08
   1.3744791e+08   1.0249744e-08
   1.4393226e+08   1.0263105e-08
   1.5072253e+08   1.0242279e-08
   1.5783314e+08   1.0255630e-08
   1.6527921e+08   1.0234819e-08
   1.7307655e+08   1.0248154e-08
   1.8124175e+08   1.0261512e-08
   1.8979216e+08   1.0240689e-08
   1.9874595e+08   1.0254037e-08
   2.0812216e+08   1.0233229e-08
   2.1794070e+08   1.0246567e-08
   2.2822245e+08   1.0259923e-08
   2.3898926e+08   1.0239102e-08
   2.5026401e+08   1.0252447e-08
   2.6207067e+08   1.0231642e-08
   2.7443433e+08   1.0244971e-08
   2.8738127e+08   1.0258324e-08
   3.0093900e+08   1.0237506e-08
   3.1513635e+08   1.0250848e-08
   3.3000348e+08   1.0264208e-08
   3.4557199e+08   1.0243378e-08
   3.6187498e+08   1.0256728e-08
   3.7894709e+08   1.0235913e-08
   3.9682461e+08   1.0249253e-08
   4.1554553e+08   1.0262610e-08
   4.3514965e+08   1.0241777e-08
   4.5567863e+08   1.0255124e-08
   4.7717609e+08   1.0234311e-08
   4.9968775e+08   1.0247649e-08
   5.2326142e+08   1.0261003e-08
   5.4794723e+08   1.0240178e-08
   5.7379764e+08   1.0253523e-08
   6.0086759e+08   1.0232713e-08
   6.2921461e+08   1.0246047e-08
   6.5889896e+08   1.0259399e-08
   6.8998371e+08   1.0238577e-08
   7.2253495e+08   1.0251913e-08
   7.5662185e+08   1.0265272e-08
   7.9231686e+08   1.0244438e-08
   8.2969585e+08   1.0257787e-08
   8.6883826e+08   1.0236968e-08
   9.0982729e+08   1.0250307e-08
   9.5275005e+08   1.0263663e-08
   9.9769776e+08   1.0242832e-08
   1.0447660e+09   1.0256178e-08
   1.0940547e+09   1.0235362e-08
   1.1456687e+09   1.0248694e-08
   1.1997177e+09   1.0262047e-08
   1.2563166e+09   1.0241219e-08
   1.3155856e+09   1.0254562e-08
   1.3776508e+09   1.0233749e-08
   1.4426440e+09   1.0247083e-08
   1.5107033e+09   1.0260433e-08
   1.5819735e+09   1.0239608e-08
   1.6566060e+09   1.0252949e-08
   1.7347594e+09   1.0232139e-08
   1.8165998e+09   1.0245465e-08
   1.9023012e+09   1.0258813e-08
   1.9920457e+09   1.0237991e-08
   2.0860241e+09   1.0251329e-08
   2.1844361e+09   1.0264684e-08
   2.2874908e+09   1.0243850e-08
   2.3954074e+09   1.0257195e-08
   2.5084151e+09   1.0236376e-08
   2.6267541e+09   1.0249711e-08
   2.7506760e+09   1.0263064e-08
   2.8804442e+09   1.0242233e-08
   3.0163343e+09   1.0255572e-08
   3.1586354e+09   1.0234755e-08
   3.3076498e+09   1.0248088e-08
   3.4636942e+09   1.0261438e-08
   3.6271003e+09   1.0240610e-08
   3.7982153e+09   1.0253950e-08
   3.9774030e+09   1.0233136e-08
   4.1650442e+09   1.0246467e-08
   4.3615378e+09   1.0259814e-08
   4.5673013e+09   1.0238989e-08
   4.7827720e+09   1.0252323e-08
   5.0084080e+09   1.0265678e-08
   5.2446887e+09   1.0244840e-08
   5.4921165e+09   1.0258185e-08
   5.7512171e+09   1.0237362e-08
   6.0225412e+09   1.0250698e-08
   6.3066655e+09   1.0264050e-08
   6.6041940e+09   1.0243215e-08
   6.9157588e+09   1.0256558e-08
   7.2420223e+09   1.0235738e-08
   7.5836779e+09   1.0249067e-08
   7.9414517e+09   1.0262417e-08
   8.3161042e+09   1.0241586e-08
   8.7084315e+09   1.0254926e-08
   9.1192676e+09   1.0234109e-08
   9.5494856e+09   1.0247439e-08
   1.0000000e+10   1.0260786e-08
