   0.0000000e+00   0.0000000e+00
   1.0000000e-02   3.1953174e-06
   2.0000000e-02   1.3035786e-05
   3.0000000e-02   2.9868529e-05
   4.0000000e-02   5.3996508e-05
   5.0000000e-02   8.5683077e-05
   6.0000000e-02   1.2515127e-04
   7.0000000e-02   1.7258461e-04
   8.0000000e-02   2.2814030e-04
   9.0000000e-02   2.9193831e-04
   1.0000000e-01   3.6406813e-04
   1.1000000e-01   4.4458413e-04
   1.2000000e-01   5.3353178e-04
   1.3000000e-01   6.3092107e-04
   1.4000000e-01   7.3673969e-04
   1.5000000e-01   8.5095423e-04
   1.6000000e-01   9.7351161e-04
   1.7000000e-01   1.1043298e-03
   1.8000000e-01   1.2433307e-03
   1.9000000e-01   1.3904122e-03
   2.0000000e-01   1.5454556e-03
   2.1000000e-01   1.7083294e-03
   2.2000000e-01   1.8788902e-03
   2.3000000e-01   2.0569841e-03
   2.4000000e-01   2.2424473e-03
   2.5000000e-01   2.4351072e-03
   2.6000000e-01   2.6347838e-03
   2.7000000e-01   2.8412898e-03
   2.8000000e-01   3.0544323e-03
   2.9000000e-01   3.2740135e-03
   3.0000000e-01   3.4998314e-03
   3.1000000e-01   3.7316809e-03
   3.2000000e-01   3.9693533e-03
   3.3000000e-01   4.2125950e-03
   3.4000000e-01   4.4612192e-03
   3.5000000e-01   4.7150139e-03
   3.6000000e-01   4.9737643e-03
   3.7000000e-01   5.2372564e-03
   3.8000000e-01   5.5052788e-03
   3.9000000e-01   5.7776221e-03
   4.0000000e-01   6.0539672e-03
   4.1000000e-01   6.3341773e-03
   4.2000000e-01   6.6180529e-03
   4.3000000e-01   6.9053924e-03
   4.4000000e-01   7.1959847e-03
   4.5000000e-01   7.4894762e-03
   4.6000000e-01   7.7858041e-03
   4.7000000e-01   8.0847817e-03
   4.8000000e-01   8.3862062e-03
   4.9000000e-01   8.6896868e-03
   5.0000000e-01   8.9952327e-03
   5.1000000e-01   9.3026709e-03
   5.2000000e-01   9.6116678e-03
   5.3000000e-01   9.9220651e-03
   5.4000000e-01   1.0233824e-02
   5.5000000e-01   1.0546653e-02
   5.6000000e-01   1.0860291e-02
   5.7000000e-01   1.1174802e-02
   5.8000000e-01   1.1489855e-02
   5.9000000e-01   1.1805242e-02
   6.0000000e-01   1.2121055e-02
   6.1000000e-01   1.2436818e-02
   6.2000000e-01   1.2752585e-02
   6.3000000e-01   1.3068325e-02
   6.4000000e-01   1.3383443e-02
   6.5000000e-01   1.3698339e-02
   6.6000000e-01   1.4012515e-02
   6.7000000e-01   1.4325986e-02
   6.8000000e-01   1.4638748e-02
   6.9000000e-01   1.4950280e-02
   7.0000000e-01   1.5261075e-02
   7.1000000e-01   1.5570254e-02
   7.2000000e-01   1.5878460e-02
   7.3000000e-01   1.6185016e-02
   7.4000000e-01   1.6490224e-02
   7.5000000e-01   1.6793726e-02
   7.6000000e-01   1.7095553e-02
   7.7000000e-01   1.7395598e-02
   7.8000000e-01   1.7693696e-02
   7.9000000e-01   1.7989906e-02
   8.0000000e-01   1.8283960e-02
   8.1000000e-01   1.8575982e-02
   8.2000000e-01   1.8865711e-02
   8.3000000e-01   1.9153214e-02
   8.4000000e-01   1.9438371e-02
   8.5000000e-01   1.9721045e-02
   8.6000000e-01   2.0001416e-02
   8.7000000e-01   2.0278973e-02
   8.8000000e-01   2.0554381e-02
   8.9000000e-01   2.0826545e-02
   9.0000000e-01   2.1096743e-02
   9.1000000e-01   2.1363352e-02
   9.2000000e-01   2.1627815e-02
   9.3000000e-01   2.1889047e-02
   9.4000000e-01   2.2147546e-02
   9.5000000e-01   2.2403338e-02
   9.6000000e-01   2.2655658e-02
   9.7000000e-01   2.2905780e-02
   9.8000000e-01   2.3151911e-02
   9.9000000e-01   2.3395583e-02
   1.0000000e+00   2.3636123e-02
   1.0100000e+00   2.3873166e-02
   1.0200000e+00   2.4107908e-02
   1.0300000e+00   2.4338404e-02
   1.0400000e+00   2.4566289e-02
   1.0500000e+00   2.4791234e-02
   1.0600000e+00   2.5012095e-02
   1.0700000e+00   2.5230601e-02
   1.0800000e+00   2.5445335e-02
   1.0900000e+00   2.5656631e-02
   1.1000000e+00   2.5865558e-02
   1.1100000e+00   2.6070002e-02
   1.1200000e+00   2.6271544e-02
   1.1300000e+00   2.6470719e-02
   1.1400000e+00   2.6664858e-02
   1.1500000e+00   2.6856488e-02
   1.1600000e+00   2.7045728e-02
   1.1700000e+00   2.7229650e-02
   1.1800000e+00   2.7411224e-02
   1.1900000e+00   2.7590463e-02
   1.2000000e+00   2.7764231e-02
   1.2100000e+00   2.7935620e-02
   1.2200000e+00   2.8104703e-02
   1.2300000e+00   2.8268562e-02
   1.2400000e+00   2.8429643e-02
   1.2500000e+00   2.8588456e-02
   1.2600000e+00   2.8742714e-02
   1.2700000e+00   2.8893369e-02
   1.2800000e+00   2.9041802e-02
   1.2900000e+00   2.9186875e-02
   1.3000000e+00   2.9326981e-02
   1.3100000e+00   2.9464917e-02
   1.3200000e+00   2.9600702e-02
   1.3300000e+00   2.9730783e-02
   1.3400000e+00   2.9858099e-02
   1.3500000e+00   2.9983324e-02
   1.3600000e+00   3.0105216e-02
   1.3700000e+00   3.0221776e-02
   1.3800000e+00   3.0336309e-02
   1.3900000e+00   3.0448838e-02
   1.4000000e+00   3.0556532e-02
   1.4100000e+00   3.0660226e-02
   1.4200000e+00   3.0761986e-02
   1.4300000e+00   3.0861833e-02
   1.4400000e+00   3.0955819e-02
   1.4500000e+00   3.1046639e-02
   1.4600000e+00   3.1135623e-02
   1.4700000e+00   3.1222793e-02
   1.4800000e+00   3.1303733e-02
   1.4900000e+00   3.1381657e-02
   1.5000000e+00   3.1457848e-02
   1.5100000e+00   3.1532328e-02
   1.5200000e+00   3.1601098e-02
   1.5300000e+00   3.1666082e-02
   1.5400000e+00   3.1729441e-02
   1.5500000e+00   3.1791196e-02
   1.5600000e+00   3.1848938e-02
   1.5700000e+00   3.1900905e-02
   1.5800000e+00   3.1951359e-02
   1.5900000e+00   3.2000320e-02
   1.6000000e+00   3.2047812e-02
   1.6100000e+00   3.2087348e-02
   1.6200000e+00   3.2124787e-02
   1.6300000e+00   3.2160850e-02
   1.6400000e+00   3.2195558e-02
   1.6500000e+00   3.2226929e-02
   1.6600000e+00   3.2251201e-02
   1.6700000e+00   3.2274215e-02
   1.6800000e+00   3.2295991e-02
   1.6900000e+00   3.2316551e-02
   1.7000000e+00   3.2332439e-02
   1.7100000e+00   3.2342196e-02
   1.7200000e+00   3.2350844e-02
   1.7300000e+00   3.2358395e-02
   1.7400000e+00   3.2364871e-02
   1.7500000e+00   3.2367060e-02
   1.7600000e+00   3.2362326e-02
   1.7700000e+00   3.2356620e-02
   1.7800000e+00   3.2349961e-02
   1.7900000e+00   3.2342368e-02
   1.8000000e+00   3.2333200e-02
   1.8100000e+00   3.2313929e-02
   1.8200000e+00   3.2293830e-02
   1.8300000e+00   3.2272923e-02
   1.8400000e+00   3.2251225e-02
   1.8500000e+00   3.2228754e-02
   1.8600000e+00   3.2199836e-02
   1.8700000e+00   3.2165254e-02
   1.8800000e+00   3.2130009e-02
   1.8900000e+00   3.2094118e-02
   1.9000000e+00   3.2057596e-02
   1.9100000e+00   3.2020461e-02
   1.9200000e+00   3.1974297e-02
   1.9300000e+00   3.1924575e-02
   1.9400000e+00   3.1874352e-02
   1.9500000e+00   3.1823644e-02
   1.9600000e+00   3.1772465e-02
   1.9700000e+00   3.1720831e-02
   1.9800000e+00   3.1660767e-02
   1.9900000e+00   3.1596033e-02
   2.0000000e+00   3.1530960e-02
   2.0100000e+00   3.1465560e-02
   2.0200000e+00   3.1399847e-02
   2.0300000e+00   3.1333835e-02
   2.0400000e+00   3.1264216e-02
   2.0500000e+00   3.1184571e-02
   2.0600000e+00   3.1104746e-02
   2.0700000e+00   3.1024752e-02
   2.0800000e+00   3.0944601e-02
   2.0900000e+00   3.0864306e-02
   2.1000000e+00   3.0783876e-02
   2.1100000e+00   3.0696132e-02
   2.1200000e+00   3.0601648e-02
   2.1300000e+00   3.0507152e-02
   2.1400000e+00   3.0412655e-02
   2.1500000e+00   3.0318164e-02
   2.1600000e+00   3.0223690e-02
   2.1700000e+00   3.0129243e-02
   2.1800000e+00   3.0028792e-02
   2.1900000e+00   2.9919913e-02
   2.2000000e+00   2.9811183e-02
   2.2100000e+00   2.9702612e-02
   2.2200000e+00   2.9594206e-02
   2.2300000e+00   2.9485975e-02
   2.2400000e+00   2.9377925e-02
   2.2500000e+00   2.9270065e-02
   2.2600000e+00   2.9148691e-02
   2.2700000e+00   2.9026227e-02
   2.2800000e+00   2.8904075e-02
   2.2900000e+00   2.8782241e-02
   2.3000000e+00   2.8660732e-02
   2.3100000e+00   2.8539553e-02
   2.3200000e+00   2.8418711e-02
   2.3300000e+00   2.8298211e-02
   2.3400000e+00   2.8163247e-02
   2.3500000e+00   2.8028126e-02
   2.3600000e+00   2.7893469e-02
   2.3700000e+00   2.7759279e-02
   2.3800000e+00   2.7625562e-02
   2.3900000e+00   2.7492321e-02
   2.4000000e+00   2.7359561e-02
   2.4100000e+00   2.7227285e-02
   2.4200000e+00   2.7087336e-02
   2.4300000e+00   2.6940652e-02
   2.4400000e+00   2.6794570e-02
   2.4500000e+00   2.6649093e-02
   2.4600000e+00   2.6504224e-02
   2.4700000e+00   2.6359979e-02
   2.4800000e+00   2.6216333e-02
   2.4900000e+00   2.6073301e-02
   2.5000000e+00   2.5930886e-02
   2.5100000e+00   2.5780649e-02
   2.5200000e+00   2.5624466e-02
   2.5300000e+00   2.5469011e-02
   2.5400000e+00   2.5314285e-02
   2.5500000e+00   2.5160290e-02
   2.5600000e+00   2.5007025e-02
   2.5700000e+00   2.4854491e-02
   2.5800000e+00   2.4702689e-02
   2.5900000e+00   2.4551620e-02
   2.6000000e+00   2.4401283e-02
   2.6100000e+00   2.4237505e-02
   2.6200000e+00   2.4074538e-02
   2.6300000e+00   2.3912405e-02
   2.6400000e+00   2.3751106e-02
   2.6500000e+00   2.3590638e-02
   2.6600000e+00   2.3431002e-02
   2.6700000e+00   2.3272197e-02
   2.6800000e+00   2.3114221e-02
   2.6900000e+00   2.2957073e-02
   2.7000000e+00   2.2800752e-02
   2.7100000e+00   2.2635143e-02
   2.7200000e+00   2.2467789e-02
   2.7300000e+00   2.2301348e-02
   2.7400000e+00   2.2135820e-02
   2.7500000e+00   2.1971203e-02
   2.7600000e+00   2.1807493e-02
   2.7700000e+00   2.1644689e-02
   2.7800000e+00   2.1482789e-02
   2.7900000e+00   2.1321789e-02
   2.8000000e+00   2.1161688e-02
   2.8100000e+00   2.1002483e-02
   2.8200000e+00   2.0835546e-02
   2.8300000e+00   2.0667481e-02
   2.8400000e+00   2.0500381e-02
   2.8500000e+00   2.0334243e-02
   2.8600000e+00   2.0169063e-02
   2.8700000e+00   2.0004840e-02
   2.8800000e+00   1.9841568e-02
   2.8900000e+00   1.9679245e-02
   2.9000000e+00   1.9517867e-02
   2.9100000e+00   1.9357430e-02
   2.9200000e+00   1.9197932e-02
   2.9300000e+00   1.9039048e-02
   2.9400000e+00   1.8873332e-02
   2.9500000e+00   1.8708602e-02
   2.9600000e+00   1.8544854e-02
   2.9700000e+00   1.8382083e-02
   2.9800000e+00   1.8220287e-02
   2.9900000e+00   1.8059460e-02
   3.0000000e+00   1.7899598e-02
   3.0100000e+00   1.7740697e-02
   3.0200000e+00   1.7582753e-02
   3.0300000e+00   1.7425762e-02
   3.0400000e+00   1.7269719e-02
   3.0500000e+00   1.7114620e-02
   3.0600000e+00   1.6958830e-02
   3.0700000e+00   1.6800608e-02
   3.0800000e+00   1.6643354e-02
   3.0900000e+00   1.6487063e-02
   3.1000000e+00   1.6331730e-02
   3.1100000e+00   1.6177350e-02
   3.1200000e+00   1.6023919e-02
   3.1300000e+00   1.5871433e-02
   3.1400000e+00   1.5719886e-02
   3.1500000e+00   1.5569274e-02
   3.1600000e+00   1.5419592e-02
   3.1700000e+00   1.5270835e-02
   3.1800000e+00   1.5122999e-02
   3.1900000e+00   1.4976079e-02
   3.2000000e+00   1.4829128e-02
   3.2100000e+00   1.4682342e-02
   3.2200000e+00   1.4536460e-02
   3.2300000e+00   1.4391486e-02
   3.2400000e+00   1.4247418e-02
   3.2500000e+00   1.4104249e-02
   3.2600000e+00   1.3961975e-02
   3.2700000e+00   1.3820591e-02
   3.2800000e+00   1.3680092e-02
   3.2900000e+00   1.3540474e-02
   3.3000000e+00   1.3401732e-02
   3.3100000e+00   1.3263861e-02
   3.3200000e+00   1.3126857e-02
   3.3300000e+00   1.2990713e-02
   3.3400000e+00   1.2855427e-02
   3.3500000e+00   1.2721870e-02
   3.3600000e+00   1.2589804e-02
   3.3700000e+00   1.2458569e-02
   3.3800000e+00   1.2328161e-02
   3.3900000e+00   1.2198575e-02
   3.4000000e+00   1.2069807e-02
   3.4100000e+00   1.1941849e-02
   3.4200000e+00   1.1814701e-02
   3.4300000e+00   1.1688357e-02
   3.4400000e+00   1.1562819e-02
   3.4500000e+00   1.1438068e-02
   3.4600000e+00   1.1314107e-02
   3.4700000e+00   1.1190931e-02
   3.4800000e+00   1.1068535e-02
   3.4900000e+00   1.0946916e-02
   3.5000000e+00   1.0826068e-02
   3.5100000e+00   1.0706891e-02
   3.5200000e+00   1.0591906e-02
   3.5300000e+00   1.0477648e-02
   3.5400000e+00   1.0364112e-02
   3.5500000e+00   1.0251295e-02
   3.5600000e+00   1.0139191e-02
   3.5700000e+00   1.0027798e-02
   3.5800000e+00   9.9171099e-03
   3.5900000e+00   9.8071235e-03
   3.6000000e+00   9.6978343e-03
   3.6100000e+00   9.5892381e-03
   3.6200000e+00   9.4813309e-03
   3.6300000e+00   9.3741084e-03
   3.6400000e+00   9.2675666e-03
   3.6500000e+00   9.1617014e-03
   3.6600000e+00   9.0565086e-03
   3.6700000e+00   8.9519843e-03
   3.6800000e+00   8.8481243e-03
   3.6900000e+00   8.7464363e-03
   3.7000000e+00   8.6503143e-03
   3.7100000e+00   8.5547990e-03
   3.7200000e+00   8.4598867e-03
   3.7300000e+00   8.3655737e-03
   3.7400000e+00   8.2718563e-03
   3.7500000e+00   8.1787310e-03
   3.7600000e+00   8.0861940e-03
   3.7700000e+00   7.9942419e-03
   3.7800000e+00   7.9028710e-03
   3.7900000e+00   7.8120777e-03
   3.8000000e+00   7.7218586e-03
   3.8100000e+00   7.6322100e-03
   3.8200000e+00   7.5431286e-03
   3.8300000e+00   7.4546106e-03
   3.8400000e+00   7.3666528e-03
   3.8500000e+00   7.2792516e-03
   3.8600000e+00   7.1924036e-03
   3.8700000e+00   7.1061053e-03
   3.8800000e+00   7.0203534e-03
   3.8900000e+00   6.9380712e-03
   3.9000000e+00   6.8610024e-03
   3.9100000e+00   6.7844165e-03
   3.9200000e+00   6.7083105e-03
   3.9300000e+00   6.6326815e-03
   3.9400000e+00   6.5575265e-03
   3.9500000e+00   6.4828425e-03
   3.9600000e+00   6.4086267e-03
   3.9700000e+00   6.3348762e-03
   3.9800000e+00   6.2615879e-03
   3.9900000e+00   6.1887591e-03
   4.0000000e+00   6.1163869e-03
   4.0100000e+00   6.0444709e-03
   4.0200000e+00   5.9730033e-03
   4.0300000e+00   5.9019838e-03
   4.0400000e+00   5.8314096e-03
   4.0500000e+00   5.7612779e-03
   4.0600000e+00   5.6915860e-03
   4.0700000e+00   5.6223310e-03
   4.0800000e+00   5.5535102e-03
   4.0900000e+00   5.4851209e-03
   4.1000000e+00   5.4171605e-03
   4.1100000e+00   5.3521319e-03
   4.1200000e+00   5.2928909e-03
   4.1300000e+00   5.2340164e-03
   4.1400000e+00   5.1755062e-03
   4.1500000e+00   5.1173580e-03
   4.1600000e+00   5.0595695e-03
   4.1700000e+00   5.0021385e-03
   4.1800000e+00   4.9450627e-03
   4.1900000e+00   4.8883400e-03
   4.2000000e+00   4.8319680e-03
   4.2100000e+00   4.7759447e-03
   4.2200000e+00   4.7202677e-03
   4.2300000e+00   4.6649349e-03
   4.2400000e+00   4.6099443e-03
   4.2500000e+00   4.5552937e-03
   4.2600000e+00   4.5009808e-03
   4.2700000e+00   4.4470036e-03
   4.2800000e+00   4.3933600e-03
   4.2900000e+00   4.3400479e-03
   4.3000000e+00   4.2870651e-03
   4.3100000e+00   4.2344097e-03
   4.3200000e+00   4.1820796e-03
   4.3300000e+00   4.1300726e-03
   4.3400000e+00   4.0783869e-03
   4.3500000e+00   4.0270202e-03
   4.3600000e+00   3.9804657e-03
   4.3700000e+00   3.9370732e-03
   4.3800000e+00   3.8939448e-03
   4.3900000e+00   3.8510781e-03
   4.4000000e+00   3.8084717e-03
   4.4100000e+00   3.7661241e-03
   4.4200000e+00   3.7240336e-03
   4.4300000e+00   3.6821987e-03
   4.4400000e+00   3.6406177e-03
   4.4500000e+00   3.5992890e-03
   4.4600000e+00   3.5582111e-03
   4.4700000e+00   3.5173824e-03
   4.4800000e+00   3.4768013e-03
   4.4900000e+00   3.4364664e-03
   4.5000000e+00   3.3963760e-03
   4.5100000e+00   3.3565286e-03
   4.5200000e+00   3.3169227e-03
   4.5300000e+00   3.2775567e-03
   4.5400000e+00   3.2384293e-03
   4.5500000e+00   3.1995389e-03
   4.5600000e+00   3.1608840e-03
   4.5700000e+00   3.1224631e-03
   4.5800000e+00   3.0842748e-03
   4.5900000e+00   3.0463176e-03
   4.6000000e+00   3.0085901e-03
   4.6100000e+00   2.9710908e-03
   4.6200000e+00   2.9338183e-03
   4.6300000e+00   2.8967712e-03
   4.6400000e+00   2.8644482e-03
   4.6500000e+00   2.8341450e-03
   4.6600000e+00   2.8040215e-03
   4.6700000e+00   2.7740768e-03
   4.6800000e+00   2.7443096e-03
   4.6900000e+00   2.7147189e-03
   4.7000000e+00   2.6853036e-03
   4.7100000e+00   2.6560626e-03
   4.7200000e+00   2.6269949e-03
   4.7300000e+00   2.5980993e-03
   4.7400000e+00   2.5693747e-03
   4.7500000e+00   2.5408202e-03
   4.7600000e+00   2.5124347e-03
   4.7700000e+00   2.4842171e-03
   4.7800000e+00   2.4561664e-03
   4.7900000e+00   2.4282815e-03
   4.8000000e+00   2.4005615e-03
   4.8100000e+00   2.3730053e-03
   4.8200000e+00   2.3456118e-03
   4.8300000e+00   2.3183802e-03
   4.8400000e+00   2.2913094e-03
   4.8500000e+00   2.2643983e-03
   4.8600000e+00   2.2376461e-03
   4.8700000e+00   2.2110516e-03
   4.8800000e+00   2.1846141e-03
   4.8900000e+00   2.1583324e-03
   4.9000000e+00   2.1322056e-03
   4.9100000e+00   2.1062328e-03
   4.9200000e+00   2.0804130e-03
   4.9300000e+00   2.0547539e-03
   4.9400000e+00   2.0292374e-03
   4.9500000e+00   2.0038712e-03
   4.9600000e+00   1.9832057e-03
   4.9700000e+00   1.9631445e-03
   4.9800000e+00   1.9431989e-03
   4.9900000e+00   1.9233680e-03
   5.0000000e+00   1.9036513e-03
   5.0100000e+00   1.8840480e-03
   5.0200000e+00   1.8645574e-03
   5.0300000e+00   1.8451789e-03
   5.0400000e+00   1.8259118e-03
   5.0500000e+00   1.8067553e-03
   5.0600000e+00   1.7877088e-03
   5.0700000e+00   1.7687717e-03
   5.0800000e+00   1.7499433e-03
   5.0900000e+00   1.7312228e-03
   5.1000000e+00   1.7126098e-03
   5.1100000e+00   1.6941034e-03
   5.1200000e+00   1.6757031e-03
   5.1300000e+00   1.6574082e-03
   5.1400000e+00   1.6392181e-03
   5.1500000e+00   1.6211321e-03
   5.1600000e+00   1.6031497e-03
   5.1700000e+00   1.5852701e-03
   5.1800000e+00   1.5674927e-03
   5.1900000e+00   1.5498171e-03
   5.2000000e+00   1.5322424e-03
   5.2100000e+00   1.5147681e-03
   5.2200000e+00   1.4973937e-03
   5.2300000e+00   1.4801184e-03
   5.2400000e+00   1.4629418e-03
   5.2500000e+00   1.4458631e-03
   5.2600000e+00   1.4288819e-03
   5.2700000e+00   1.4119975e-03
   5.2800000e+00   1.3952092e-03
   5.2900000e+00   1.3785167e-03
   5.3000000e+00   1.3619193e-03
   5.3100000e+00   1.3454164e-03
   5.3200000e+00   1.3298628e-03
   5.3300000e+00   1.3173013e-03
   5.3400000e+00   1.3048095e-03
   5.3500000e+00   1.2923871e-03
   5.3600000e+00   1.2800335e-03
   5.3700000e+00   1.2677484e-03
   5.3800000e+00   1.2555314e-03
   5.3900000e+00   1.2433821e-03
   5.4000000e+00   1.2313000e-03
   5.4100000e+00   1.2192848e-03
   5.4200000e+00   1.2073361e-03
   5.4300000e+00   1.1954535e-03
   5.4400000e+00   1.1836365e-03
   5.4500000e+00   1.1718849e-03
   5.4600000e+00   1.1601981e-03
   5.4700000e+00   1.1485755e-03
   5.4800000e+00   1.1370175e-03
   5.4900000e+00   1.1255232e-03
   5.5000000e+00   1.1140923e-03
   5.5100000e+00   1.1027243e-03
   5.5200000e+00   1.0914191e-03
   5.5300000e+00   1.0801761e-03
   5.5400000e+00   1.0689950e-03
   5.5500000e+00   1.0578755e-03
   5.5600000e+00   1.0468171e-03
   5.5700000e+00   1.0358195e-03
   5.5800000e+00   1.0248825e-03
   5.5900000e+00   1.0140055e-03
   5.6000000e+00   1.0031882e-03
   5.6100000e+00   9.9243037e-04
   5.6200000e+00   9.8173157e-04
   5.6300000e+00   9.7109148e-04
   5.6400000e+00   9.6050974e-04
   5.6500000e+00   9.4998601e-04
   5.6600000e+00   9.3951996e-04
   5.6700000e+00   9.2911125e-04
   5.6800000e+00   9.1875953e-04
   5.6900000e+00   9.0846449e-04
   5.7000000e+00   8.9822578e-04
   5.7100000e+00   8.8804307e-04
   5.7200000e+00   8.7791605e-04
   5.7300000e+00   8.6784437e-04
   5.7400000e+00   8.5782773e-04
   5.7500000e+00   8.4786580e-04
   5.7600000e+00   8.3795825e-04
   5.7700000e+00   8.2810478e-04
   5.7800000e+00   8.1830507e-04
   5.7900000e+00   8.0855880e-04
   5.8000000e+00   7.9886566e-04
   5.8100000e+00   7.8922535e-04
   5.8200000e+00   7.7963756e-04
   5.8300000e+00   7.7010198e-04
   5.8400000e+00   7.6061831e-04
   5.8500000e+00   7.5118625e-04
   5.8600000e+00   7.4180549e-04
   5.8700000e+00   7.3247575e-04
   5.8800000e+00   7.2319673e-04
   5.8900000e+00   7.1396812e-04
   5.9000000e+00   7.0478965e-04
   5.9100000e+00   6.9566102e-04
   5.9200000e+00   6.8658194e-04
   5.9300000e+00   6.7755213e-04
   5.9400000e+00   6.6857129e-04
   5.9500000e+00   6.5963916e-04
   5.9600000e+00   6.5075545e-04
   5.9700000e+00   6.4191987e-04
   5.9800000e+00   6.3313216e-04
   5.9900000e+00   6.2439203e-04
   6.0000000e+00   6.1569922e-04
