%     p           n           epsilon          f            Gmu         OmegaGW
1.000000e-02  1.000000e+00  1.000000e-10  1.000000e+00  1.000000e-06  1.128793e-05
1.000000e-02  1.000000e+00  1.000000e-10  1.006932e+00  1.000000e-06  1.124071e-05
1.000000e-02  1.000000e+00  1.000000e-10  1.013911e+00  1.000000e-06  1.122086e-05
1.000000e-02  1.000000e+00  1.000000e-10  1.020939e+00  1.000000e-06  1.117980e-05
1.000000e-02  1.000000e+00  1.000000e-10  1.028016e+00  1.000000e-06  1.115408e-05
1.000000e-02  1.000000e+00  1.000000e-10  1.035142e+00  1.000000e-06  1.113442e-05
1.000000e-02  1.000000e+00  1.000000e-10  1.042317e+00  1.000000e-06  1.109361e-05
1.000000e-02  1.000000e+00  1.000000e-10  1.049542e+00  1.000000e-06  1.106810e-05
1.000000e-02  1.000000e+00  1.000000e-10  1.056818e+00  1.000000e-06  1.102743e-05
1.000000e-02  1.000000e+00  1.000000e-10  1.064143e+00  1.000000e-06  1.100807e-05
1.000000e-02  1.000000e+00  1.000000e-10  1.071519e+00  1.000000e-06  1.098875e-05
1.000000e-02  1.000000e+00  1.000000e-10  1.078947e+00  1.000000e-06  1.094232e-05
1.000000e-02  1.000000e+00  1.000000e-10  1.086426e+00  1.000000e-06  1.092316e-05
1.000000e-02  1.000000e+00  1.000000e-10  1.093956e+00  1.000000e-06  1.088288e-05
1.000000e-02  1.000000e+00  1.000000e-10  1.101539e+00  1.000000e-06  1.085785e-05
1.000000e-02  1.000000e+00  1.000000e-10  1.109175e+00  1.000000e-06  1.083888e-05
1.000000e-02  1.000000e+00  1.000000e-10  1.116863e+00  1.000000e-06  1.079885e-05
1.000000e-02  1.000000e+00  1.000000e-10  1.124605e+00  1.000000e-06  1.077401e-05
1.000000e-02  1.000000e+00  1.000000e-10  1.132400e+00  1.000000e-06  1.073412e-05
1.000000e-02  1.000000e+00  1.000000e-10  1.140250e+00  1.000000e-06  1.071544e-05
1.000000e-02  1.000000e+00  1.000000e-10  1.148154e+00  1.000000e-06  1.069080e-05
1.000000e-02  1.000000e+00  1.000000e-10  1.156112e+00  1.000000e-06  1.065115e-05
1.000000e-02  1.000000e+00  1.000000e-10  1.164126e+00  1.000000e-06  1.063266e-05
1.000000e-02  1.000000e+00  1.000000e-10  1.172195e+00  1.000000e-06  1.059316e-05
1.000000e-02  1.000000e+00  1.000000e-10  1.180321e+00  1.000000e-06  1.056880e-05
1.000000e-02  1.000000e+00  1.000000e-10  1.188502e+00  1.000000e-06  1.055050e-05
1.000000e-02  1.000000e+00  1.000000e-10  1.196741e+00  1.000000e-06  1.051124e-05
1.000000e-02  1.000000e+00  1.000000e-10  1.205036e+00  1.000000e-06  1.048707e-05
1.000000e-02  1.000000e+00  1.000000e-10  1.213389e+00  1.000000e-06  1.044796e-05
1.000000e-02  1.000000e+00  1.000000e-10  1.221800e+00  1.000000e-06  1.042994e-05
1.000000e-02  1.000000e+00  1.000000e-10  1.230269e+00  1.000000e-06  1.040595e-05
1.000000e-02  1.000000e+00  1.000000e-10  1.238797e+00  1.000000e-06  1.036708e-05
1.000000e-02  1.000000e+00  1.000000e-10  1.247384e+00  1.000000e-06  1.034924e-05
1.000000e-02  1.000000e+00  1.000000e-10  1.256030e+00  1.000000e-06  1.031052e-05
1.000000e-02  1.000000e+00  1.000000e-10  1.264736e+00  1.000000e-06  1.028681e-05
1.000000e-02  1.000000e+00  1.000000e-10  1.273503e+00  1.000000e-06  1.026916e-05
1.000000e-02  1.000000e+00  1.000000e-10  1.282331e+00  1.000000e-06  1.023068e-05
1.000000e-02  1.000000e+00  1.000000e-10  1.291219e+00  1.000000e-06  1.020715e-05
1.000000e-02  1.000000e+00  1.000000e-10  1.300170e+00  1.000000e-06  1.016881e-05
1.000000e-02  1.000000e+00  1.000000e-10  1.309182e+00  1.000000e-06  1.015144e-05
1.000000e-02  1.000000e+00  1.000000e-10  1.318257e+00  1.000000e-06  1.012809e-05
1.000000e-02  1.000000e+00  1.000000e-10  1.327394e+00  1.000000e-06  1.008999e-05
1.000000e-02  1.000000e+00  1.000000e-10  1.336596e+00  1.000000e-06  1.007279e-05
1.000000e-02  1.000000e+00  1.000000e-10  1.345860e+00  1.000000e-06  1.003484e-05
1.000000e-02  1.000000e+00  1.000000e-10  1.355189e+00  1.000000e-06  1.001176e-05
1.000000e-02  1.000000e+00  1.000000e-10  1.364583e+00  1.000000e-06  9.994751e-06
1.000000e-02  1.000000e+00  1.000000e-10  1.374042e+00  1.000000e-06  9.957034e-06
1.000000e-02  1.000000e+00  1.000000e-10  1.383566e+00  1.000000e-06  9.934134e-06
1.000000e-02  1.000000e+00  1.000000e-10  1.393157e+00  1.000000e-06  9.896560e-06
1.000000e-02  1.000000e+00  1.000000e-10  1.402814e+00  1.000000e-06  9.879820e-06
1.000000e-02  1.000000e+00  1.000000e-10  1.412538e+00  1.000000e-06  9.857097e-06
1.000000e-02  1.000000e+00  1.000000e-10  1.422329e+00  1.000000e-06  9.819759e-06
1.000000e-02  1.000000e+00  1.000000e-10  1.432188e+00  1.000000e-06  9.803194e-06
1.000000e-02  1.000000e+00  1.000000e-10  1.442115e+00  1.000000e-06  9.759978e-06
1.000000e-02  1.000000e+00  1.000000e-10  1.452112e+00  1.000000e-06  9.743544e-06
1.000000e-02  1.000000e+00  1.000000e-10  1.462177e+00  1.000000e-06  9.727154e-06
1.000000e-02  1.000000e+00  1.000000e-10  1.472313e+00  1.000000e-06  9.690200e-06
1.000000e-02  1.000000e+00  1.000000e-10  1.482518e+00  1.000000e-06  9.667913e-06
1.000000e-02  1.000000e+00  1.000000e-10  1.492794e+00  1.000000e-06  9.631101e-06
1.000000e-02  1.000000e+00  1.000000e-10  1.503142e+00  1.000000e-06  9.614976e-06
1.000000e-02  1.000000e+00  1.000000e-10  1.513561e+00  1.000000e-06  9.592862e-06
1.000000e-02  1.000000e+00  1.000000e-10  1.524053e+00  1.000000e-06  9.556284e-06
1.000000e-02  1.000000e+00  1.000000e-10  1.534617e+00  1.000000e-06  9.540330e-06
1.000000e-02  1.000000e+00  1.000000e-10  1.545254e+00  1.000000e-06  9.497869e-06
1.000000e-02  1.000000e+00  1.000000e-10  1.555966e+00  1.000000e-06  9.482042e-06
1.000000e-02  1.000000e+00  1.000000e-10  1.566751e+00  1.000000e-06  9.466258e-06
1.000000e-02  1.000000e+00  1.000000e-10  1.577611e+00  1.000000e-06  9.430061e-06
1.000000e-02  1.000000e+00  1.000000e-10  1.588547e+00  1.000000e-06  9.408373e-06
1.000000e-02  1.000000e+00  1.000000e-10  1.599558e+00  1.000000e-06  9.372318e-06
1.000000e-02  1.000000e+00  1.000000e-10  1.610646e+00  1.000000e-06  9.356792e-06
1.000000e-02  1.000000e+00  1.000000e-10  1.621810e+00  1.000000e-06  9.335272e-06
1.000000e-02  1.000000e+00  1.000000e-10  1.633052e+00  1.000000e-06  9.299449e-06
1.000000e-02  1.000000e+00  1.000000e-10  1.644372e+00  1.000000e-06  9.284090e-06
1.000000e-02  1.000000e+00  1.000000e-10  1.655770e+00  1.000000e-06  9.242380e-06
1.000000e-02  1.000000e+00  1.000000e-10  1.667247e+00  1.000000e-06  9.227145e-06
1.000000e-02  1.000000e+00  1.000000e-10  1.678804e+00  1.000000e-06  9.191613e-06
1.000000e-02  1.000000e+00  1.000000e-10  1.690441e+00  1.000000e-06  9.176508e-06
1.000000e-02  1.000000e+00  1.000000e-10  1.702159e+00  1.000000e-06  9.155403e-06
1.000000e-02  1.000000e+00  1.000000e-10  1.713957e+00  1.000000e-06  9.120101e-06
1.000000e-02  1.000000e+00  1.000000e-10  1.725838e+00  1.000000e-06  9.105160e-06
1.000000e-02  1.000000e+00  1.000000e-10  1.737801e+00  1.000000e-06  9.063966e-06
1.000000e-02  1.000000e+00  1.000000e-10  1.749847e+00  1.000000e-06  9.049146e-06
1.000000e-02  1.000000e+00  1.000000e-10  1.761976e+00  1.000000e-06  9.034367e-06
1.000000e-02  1.000000e+00  1.000000e-10  1.774189e+00  1.000000e-06  8.993404e-06
1.000000e-02  1.000000e+00  1.000000e-10  1.786488e+00  1.000000e-06  8.978746e-06
1.000000e-02  1.000000e+00  1.000000e-10  1.798871e+00  1.000000e-06  8.943964e-06
1.000000e-02  1.000000e+00  1.000000e-10  1.811340e+00  1.000000e-06  8.923393e-06
1.000000e-02  1.000000e+00  1.000000e-10  1.823896e+00  1.000000e-06  8.908896e-06
1.000000e-02  1.000000e+00  1.000000e-10  1.836538e+00  1.000000e-06  8.874342e-06
1.000000e-02  1.000000e+00  1.000000e-10  1.849269e+00  1.000000e-06  8.859970e-06
1.000000e-02  1.000000e+00  1.000000e-10  1.862087e+00  1.000000e-06  8.819521e-06
1.000000e-02  1.000000e+00  1.000000e-10  1.874995e+00  1.000000e-06  8.805267e-06
1.000000e-02  1.000000e+00  1.000000e-10  1.887991e+00  1.000000e-06  8.791054e-06
1.000000e-02  1.000000e+00  1.000000e-10  1.901078e+00  1.000000e-06  8.750832e-06
1.000000e-02  1.000000e+00  1.000000e-10  1.914256e+00  1.000000e-06  8.736736e-06
1.000000e-02  1.000000e+00  1.000000e-10  1.927525e+00  1.000000e-06  8.702701e-06
1.000000e-02  1.000000e+00  1.000000e-10  1.940886e+00  1.000000e-06  8.682685e-06
1.000000e-02  1.000000e+00  1.000000e-10  1.954339e+00  1.000000e-06  8.668745e-06
1.000000e-02  1.000000e+00  1.000000e-10  1.967886e+00  1.000000e-06  8.634936e-06
1.000000e-02  1.000000e+00  1.000000e-10  1.981527e+00  1.000000e-06  8.615076e-06
1.000000e-02  1.000000e+00  1.000000e-10  1.995262e+00  1.000000e-06  8.581409e-06
1.000000e-02  1.000000e+00  1.000000e-10  2.009093e+00  1.000000e-06  8.567707e-06
1.000000e-02  1.000000e+00  1.000000e-10  2.023019e+00  1.000000e-06  8.554044e-06
1.000000e-02  1.000000e+00  1.000000e-10  2.037042e+00  1.000000e-06  8.514560e-06
1.000000e-02  1.000000e+00  1.000000e-10  2.051162e+00  1.000000e-06  8.501012e-06
1.000000e-02  1.000000e+00  1.000000e-10  2.065380e+00  1.000000e-06  8.467718e-06
1.000000e-02  1.000000e+00  1.000000e-10  2.079697e+00  1.000000e-06  8.448243e-06
1.000000e-02  1.000000e+00  1.000000e-10  2.094112e+00  1.000000e-06  8.434846e-06
1.000000e-02  1.000000e+00  1.000000e-10  2.108628e+00  1.000000e-06  8.401777e-06
1.000000e-02  1.000000e+00  1.000000e-10  2.123244e+00  1.000000e-06  8.382453e-06
1.000000e-02  1.000000e+00  1.000000e-10  2.137962e+00  1.000000e-06  8.349525e-06
1.000000e-02  1.000000e+00  1.000000e-10  2.152782e+00  1.000000e-06  8.336361e-06
1.000000e-02  1.000000e+00  1.000000e-10  2.167704e+00  1.000000e-06  8.323234e-06
1.000000e-02  1.000000e+00  1.000000e-10  2.182730e+00  1.000000e-06  8.284484e-06
1.000000e-02  1.000000e+00  1.000000e-10  2.197860e+00  1.000000e-06  8.271469e-06
1.000000e-02  1.000000e+00  1.000000e-10  2.213095e+00  1.000000e-06  8.238912e-06
1.000000e-02  1.000000e+00  1.000000e-10  2.228435e+00  1.000000e-06  8.219963e-06
1.000000e-02  1.000000e+00  1.000000e-10  2.243882e+00  1.000000e-06  8.207095e-06
1.000000e-02  1.000000e+00  1.000000e-10  2.259436e+00  1.000000e-06  8.174762e-06
1.000000e-02  1.000000e+00  1.000000e-10  2.275097e+00  1.000000e-06  8.155960e-06
1.000000e-02  1.000000e+00  1.000000e-10  2.290868e+00  1.000000e-06  8.123768e-06
1.000000e-02  1.000000e+00  1.000000e-10  2.306747e+00  1.000000e-06  8.111127e-06
1.000000e-02  1.000000e+00  1.000000e-10  2.322737e+00  1.000000e-06  8.092472e-06
1.000000e-02  1.000000e+00  1.000000e-10  2.338837e+00  1.000000e-06  8.060501e-06
1.000000e-02  1.000000e+00  1.000000e-10  2.355049e+00  1.000000e-06  8.048005e-06
1.000000e-02  1.000000e+00  1.000000e-10  2.371374e+00  1.000000e-06  8.016182e-06
1.000000e-02  1.000000e+00  1.000000e-10  2.387811e+00  1.000000e-06  7.997745e-06
1.000000e-02  1.000000e+00  1.000000e-10  2.404363e+00  1.000000e-06  7.966063e-06
1.000000e-02  1.000000e+00  1.000000e-10  2.421029e+00  1.000000e-06  7.953789e-06
1.000000e-02  1.000000e+00  1.000000e-10  2.437811e+00  1.000000e-06  7.935496e-06
1.000000e-02  1.000000e+00  1.000000e-10  2.454709e+00  1.000000e-06  7.904035e-06
1.000000e-02  1.000000e+00  1.000000e-10  2.471724e+00  1.000000e-06  7.891903e-06
1.000000e-02  1.000000e+00  1.000000e-10  2.488857e+00  1.000000e-06  7.854536e-06
1.000000e-02  1.000000e+00  1.000000e-10  2.506109e+00  1.000000e-06  7.842511e-06
1.000000e-02  1.000000e+00  1.000000e-10  2.523481e+00  1.000000e-06  7.830519e-06
1.000000e-02  1.000000e+00  1.000000e-10  2.540973e+00  1.000000e-06  7.793373e-06
1.000000e-02  1.000000e+00  1.000000e-10  2.558586e+00  1.000000e-06  7.781487e-06
1.000000e-02  1.000000e+00  1.000000e-10  2.576321e+00  1.000000e-06  7.750534e-06
1.000000e-02  1.000000e+00  1.000000e-10  2.594179e+00  1.000000e-06  7.738759e-06
1.000000e-02  1.000000e+00  1.000000e-10  2.612161e+00  1.000000e-06  7.720960e-06
1.000000e-02  1.000000e+00  1.000000e-10  2.630268e+00  1.000000e-06  7.690226e-06
1.000000e-02  1.000000e+00  1.000000e-10  2.648500e+00  1.000000e-06  7.678589e-06
1.000000e-02  1.000000e+00  1.000000e-10  2.666859e+00  1.000000e-06  7.641945e-06
1.000000e-02  1.000000e+00  1.000000e-10  2.685344e+00  1.000000e-06  7.630412e-06
1.000000e-02  1.000000e+00  1.000000e-10  2.703958e+00  1.000000e-06  7.618911e-06
1.000000e-02  1.000000e+00  1.000000e-10  2.722701e+00  1.000000e-06  7.582486e-06
1.000000e-02  1.000000e+00  1.000000e-10  2.741574e+00  1.000000e-06  7.571088e-06
1.000000e-02  1.000000e+00  1.000000e-10  2.760578e+00  1.000000e-06  7.540860e-06
1.000000e-02  1.000000e+00  1.000000e-10  2.779713e+00  1.000000e-06  7.529571e-06
1.000000e-02  1.000000e+00  1.000000e-10  2.798981e+00  1.000000e-06  7.512253e-06
1.000000e-02  1.000000e+00  1.000000e-10  2.818383e+00  1.000000e-06  7.482241e-06
1.000000e-02  1.000000e+00  1.000000e-10  2.837919e+00  1.000000e-06  7.471085e-06
1.000000e-02  1.000000e+00  1.000000e-10  2.857591e+00  1.000000e-06  7.435160e-06
1.000000e-02  1.000000e+00  1.000000e-10  2.877398e+00  1.000000e-06  7.424106e-06
1.000000e-02  1.000000e+00  1.000000e-10  2.897344e+00  1.000000e-06  7.413083e-06
1.000000e-02  1.000000e+00  1.000000e-10  2.917427e+00  1.000000e-06  7.377374e-06
1.000000e-02  1.000000e+00  1.000000e-10  2.937650e+00  1.000000e-06  7.366452e-06
1.000000e-02  1.000000e+00  1.000000e-10  2.958012e+00  1.000000e-06  7.336942e-06
1.000000e-02  1.000000e+00  1.000000e-10  2.978516e+00  1.000000e-06  7.320068e-06
1.000000e-02  1.000000e+00  1.000000e-10  2.999163e+00  1.000000e-06  7.309276e-06
1.000000e-02  1.000000e+00  1.000000e-10  3.019952e+00  1.000000e-06  7.279981e-06
1.000000e-02  1.000000e+00  1.000000e-10  3.040885e+00  1.000000e-06  7.269295e-06
1.000000e-02  1.000000e+00  1.000000e-10  3.061963e+00  1.000000e-06  7.234083e-06
1.000000e-02  1.000000e+00  1.000000e-10  3.083188e+00  1.000000e-06  7.223494e-06
1.000000e-02  1.000000e+00  1.000000e-10  3.104560e+00  1.000000e-06  7.212937e-06
1.000000e-02  1.000000e+00  1.000000e-10  3.126079e+00  1.000000e-06  7.177940e-06
1.000000e-02  1.000000e+00  1.000000e-10  3.147748e+00  1.000000e-06  7.167479e-06
1.000000e-02  1.000000e+00  1.000000e-10  3.169567e+00  1.000000e-06  7.138684e-06
1.000000e-02  1.000000e+00  1.000000e-10  3.191538e+00  1.000000e-06  7.122266e-06
1.000000e-02  1.000000e+00  1.000000e-10  3.213661e+00  1.000000e-06  7.093611e-06
1.000000e-02  1.000000e+00  1.000000e-10  3.235937e+00  1.000000e-06  7.083350e-06
1.000000e-02  1.000000e+00  1.000000e-10  3.258367e+00  1.000000e-06  7.067059e-06
1.000000e-02  1.000000e+00  1.000000e-10  3.280953e+00  1.000000e-06  7.038616e-06
1.000000e-02  1.000000e+00  1.000000e-10  3.303695e+00  1.000000e-06  7.028481e-06
1.000000e-02  1.000000e+00  1.000000e-10  3.326596e+00  1.000000e-06  7.000185e-06
1.000000e-02  1.000000e+00  1.000000e-10  3.349654e+00  1.000000e-06  6.984085e-06
1.000000e-02  1.000000e+00  1.000000e-10  3.372873e+00  1.000000e-06  6.974073e-06
1.000000e-02  1.000000e+00  1.000000e-10  3.396253e+00  1.000000e-06  6.945988e-06
1.000000e-02  1.000000e+00  1.000000e-10  3.419794e+00  1.000000e-06  6.930013e-06
1.000000e-02  1.000000e+00  1.000000e-10  3.443499e+00  1.000000e-06  6.902068e-06
1.000000e-02  1.000000e+00  1.000000e-10  3.467369e+00  1.000000e-06  6.892250e-06
1.000000e-02  1.000000e+00  1.000000e-10  3.491403e+00  1.000000e-06  6.876398e-06
1.000000e-02  1.000000e+00  1.000000e-10  3.515604e+00  1.000000e-06  6.848663e-06
1.000000e-02  1.000000e+00  1.000000e-10  3.539973e+00  1.000000e-06  6.838967e-06
1.000000e-02  1.000000e+00  1.000000e-10  3.564511e+00  1.000000e-06  6.805316e-06
1.000000e-02  1.000000e+00  1.000000e-10  3.589219e+00  1.000000e-06  6.795712e-06
1.000000e-02  1.000000e+00  1.000000e-10  3.614099e+00  1.000000e-06  6.786137e-06
1.000000e-02  1.000000e+00  1.000000e-10  3.639150e+00  1.000000e-06  6.758757e-06
1.000000e-02  1.000000e+00  1.000000e-10  3.664376e+00  1.000000e-06  6.743212e-06
1.000000e-02  1.000000e+00  1.000000e-10  3.689776e+00  1.000000e-06  6.715972e-06
1.000000e-02  1.000000e+00  1.000000e-10  3.715352e+00  1.000000e-06  6.706585e-06
1.000000e-02  1.000000e+00  1.000000e-10  3.741106e+00  1.000000e-06  6.691160e-06
1.000000e-02  1.000000e+00  1.000000e-10  3.767038e+00  1.000000e-06  6.664127e-06
1.000000e-02  1.000000e+00  1.000000e-10  3.793150e+00  1.000000e-06  6.654859e-06
1.000000e-02  1.000000e+00  1.000000e-10  3.819443e+00  1.000000e-06  6.621907e-06
1.000000e-02  1.000000e+00  1.000000e-10  3.845918e+00  1.000000e-06  6.612728e-06
1.000000e-02  1.000000e+00  1.000000e-10  3.872576e+00  1.000000e-06  6.585979e-06
1.000000e-02  1.000000e+00  1.000000e-10  3.899420e+00  1.000000e-06  6.570832e-06
1.000000e-02  1.000000e+00  1.000000e-10  3.926449e+00  1.000000e-06  6.561769e-06
1.000000e-02  1.000000e+00  1.000000e-10  3.953666e+00  1.000000e-06  6.535227e-06
1.000000e-02  1.000000e+00  1.000000e-10  3.981072e+00  1.000000e-06  6.526259e-06
1.000000e-02  1.000000e+00  1.000000e-10  4.008667e+00  1.000000e-06  6.493794e-06
1.000000e-02  1.000000e+00  1.000000e-10  4.036454e+00  1.000000e-06  6.484913e-06
1.000000e-02  1.000000e+00  1.000000e-10  4.064433e+00  1.000000e-06  6.476060e-06
1.000000e-02  1.000000e+00  1.000000e-10  4.092607e+00  1.000000e-06  6.443801e-06
1.000000e-02  1.000000e+00  1.000000e-10  4.120975e+00  1.000000e-06  6.435035e-06
1.000000e-02  1.000000e+00  1.000000e-10  4.149540e+00  1.000000e-06  6.408982e-06
1.000000e-02  1.000000e+00  1.000000e-10  4.178304e+00  1.000000e-06  6.394242e-06
1.000000e-02  1.000000e+00  1.000000e-10  4.207266e+00  1.000000e-06  6.385588e-06
1.000000e-02  1.000000e+00  1.000000e-10  4.236430e+00  1.000000e-06  6.359740e-06
1.000000e-02  1.000000e+00  1.000000e-10  4.265795e+00  1.000000e-06  6.345113e-06
1.000000e-02  1.000000e+00  1.000000e-10  4.295364e+00  1.000000e-06  6.319402e-06
1.000000e-02  1.000000e+00  1.000000e-10  4.325138e+00  1.000000e-06  6.310926e-06
1.000000e-02  1.000000e+00  1.000000e-10  4.355119e+00  1.000000e-06  6.302476e-06
1.000000e-02  1.000000e+00  1.000000e-10  4.385307e+00  1.000000e-06  6.270904e-06
1.000000e-02  1.000000e+00  1.000000e-10  4.415704e+00  1.000000e-06  6.262539e-06
1.000000e-02  1.000000e+00  1.000000e-10  4.446313e+00  1.000000e-06  6.237176e-06
1.000000e-02  1.000000e+00  1.000000e-10  4.477133e+00  1.000000e-06  6.222831e-06
1.000000e-02  1.000000e+00  1.000000e-10  4.508167e+00  1.000000e-06  6.214574e-06
1.000000e-02  1.000000e+00  1.000000e-10  4.539416e+00  1.000000e-06  6.189414e-06
1.000000e-02  1.000000e+00  1.000000e-10  4.570882e+00  1.000000e-06  6.175178e-06
1.000000e-02  1.000000e+00  1.000000e-10  4.602566e+00  1.000000e-06  6.150155e-06
1.000000e-02  1.000000e+00  1.000000e-10  4.634469e+00  1.000000e-06  6.142071e-06
1.000000e-02  1.000000e+00  1.000000e-10  4.666594e+00  1.000000e-06  6.111124e-06
1.000000e-02  1.000000e+00  1.000000e-10  4.698941e+00  1.000000e-06  6.103122e-06
1.000000e-02  1.000000e+00  1.000000e-10  4.731513e+00  1.000000e-06  6.095145e-06
1.000000e-02  1.000000e+00  1.000000e-10  4.764310e+00  1.000000e-06  6.070467e-06
1.000000e-02  1.000000e+00  1.000000e-10  4.797334e+00  1.000000e-06  6.056505e-06
1.000000e-02  1.000000e+00  1.000000e-10  4.830588e+00  1.000000e-06  6.031963e-06
1.000000e-02  1.000000e+00  1.000000e-10  4.864072e+00  1.000000e-06  6.024155e-06
1.000000e-02  1.000000e+00  1.000000e-10  4.897788e+00  1.000000e-06  6.010300e-06
1.000000e-02  1.000000e+00  1.000000e-10  4.931738e+00  1.000000e-06  5.985958e-06
1.000000e-02  1.000000e+00  1.000000e-10  4.965923e+00  1.000000e-06  5.978254e-06
1.000000e-02  1.000000e+00  1.000000e-10  5.000345e+00  1.000000e-06  5.947985e-06
1.000000e-02  1.000000e+00  1.000000e-10  5.035006e+00  1.000000e-06  5.940361e-06
1.000000e-02  1.000000e+00  1.000000e-10  5.069907e+00  1.000000e-06  5.932761e-06
1.000000e-02  1.000000e+00  1.000000e-10  5.105050e+00  1.000000e-06  5.902691e-06
1.000000e-02  1.000000e+00  1.000000e-10  5.140437e+00  1.000000e-06  5.895170e-06
1.000000e-02  1.000000e+00  1.000000e-10  5.176068e+00  1.000000e-06  5.871306e-06
1.000000e-02  1.000000e+00  1.000000e-10  5.211947e+00  1.000000e-06  5.863870e-06
1.000000e-02  1.000000e+00  1.000000e-10  5.248075e+00  1.000000e-06  5.850383e-06
1.000000e-02  1.000000e+00  1.000000e-10  5.284453e+00  1.000000e-06  5.826716e-06
1.000000e-02  1.000000e+00  1.000000e-10  5.321083e+00  1.000000e-06  5.819381e-06
1.000000e-02  1.000000e+00  1.000000e-10  5.357967e+00  1.000000e-06  5.789783e-06
1.000000e-02  1.000000e+00  1.000000e-10  5.395106e+00  1.000000e-06  5.782526e-06
1.000000e-02  1.000000e+00  1.000000e-10  5.432503e+00  1.000000e-06  5.759136e-06
1.000000e-02  1.000000e+00  1.000000e-10  5.470160e+00  1.000000e-06  5.745890e-06
1.000000e-02  1.000000e+00  1.000000e-10  5.508077e+00  1.000000e-06  5.738733e-06
1.000000e-02  1.000000e+00  1.000000e-10  5.546257e+00  1.000000e-06  5.715539e-06
1.000000e-02  1.000000e+00  1.000000e-10  5.584702e+00  1.000000e-06  5.702394e-06
1.000000e-02  1.000000e+00  1.000000e-10  5.623413e+00  1.000000e-06  5.679335e-06
1.000000e-02  1.000000e+00  1.000000e-10  5.662393e+00  1.000000e-06  5.672335e-06
1.000000e-02  1.000000e+00  1.000000e-10  5.701643e+00  1.000000e-06  5.665358e-06
1.000000e-02  1.000000e+00  1.000000e-10  5.741165e+00  1.000000e-06  5.636425e-06
1.000000e-02  1.000000e+00  1.000000e-10  5.780960e+00  1.000000e-06  5.629523e-06
1.000000e-02  1.000000e+00  1.000000e-10  5.821032e+00  1.000000e-06  5.606800e-06
1.000000e-02  1.000000e+00  1.000000e-10  5.861382e+00  1.000000e-06  5.593905e-06
1.000000e-02  1.000000e+00  1.000000e-10  5.902011e+00  1.000000e-06  5.587099e-06
1.000000e-02  1.000000e+00  1.000000e-10  5.942922e+00  1.000000e-06  5.564570e-06
1.000000e-02  1.000000e+00  1.000000e-10  5.984116e+00  1.000000e-06  5.551771e-06
1.000000e-02  1.000000e+00  1.000000e-10  6.025596e+00  1.000000e-06  5.529376e-06
1.000000e-02  1.000000e+00  1.000000e-10  6.067363e+00  1.000000e-06  5.522724e-06
1.000000e-02  1.000000e+00  1.000000e-10  6.109420e+00  1.000000e-06  5.510022e-06
1.000000e-02  1.000000e+00  1.000000e-10  6.151769e+00  1.000000e-06  5.487818e-06
1.000000e-02  1.000000e+00  1.000000e-10  6.194411e+00  1.000000e-06  5.481261e-06
1.000000e-02  1.000000e+00  1.000000e-10  6.237348e+00  1.000000e-06  5.459197e-06
1.000000e-02  1.000000e+00  1.000000e-10  6.280584e+00  1.000000e-06  5.446641e-06
1.000000e-02  1.000000e+00  1.000000e-10  6.324119e+00  1.000000e-06  5.424712e-06
1.000000e-02  1.000000e+00  1.000000e-10  6.367955e+00  1.000000e-06  5.418304e-06
1.000000e-02  1.000000e+00  1.000000e-10  6.412096e+00  1.000000e-06  5.405843e-06
1.000000e-02  1.000000e+00  1.000000e-10  6.456542e+00  1.000000e-06  5.384103e-06
1.000000e-02  1.000000e+00  1.000000e-10  6.501297e+00  1.000000e-06  5.377788e-06
1.000000e-02  1.000000e+00  1.000000e-10  6.546362e+00  1.000000e-06  5.350114e-06
1.000000e-02  1.000000e+00  1.000000e-10  6.591739e+00  1.000000e-06  5.343869e-06
1.000000e-02  1.000000e+00  1.000000e-10  6.637431e+00  1.000000e-06  5.337645e-06
1.000000e-02  1.000000e+00  1.000000e-10  6.683439e+00  1.000000e-06  5.310161e-06
1.000000e-02  1.000000e+00  1.000000e-10  6.729767e+00  1.000000e-06  5.304007e-06
1.000000e-02  1.000000e+00  1.000000e-10  6.776415e+00  1.000000e-06  5.282728e-06
1.000000e-02  1.000000e+00  1.000000e-10  6.823387e+00  1.000000e-06  5.276650e-06
1.000000e-02  1.000000e+00  1.000000e-10  6.870684e+00  1.000000e-06  5.264514e-06
1.000000e-02  1.000000e+00  1.000000e-10  6.918310e+00  1.000000e-06  5.243423e-06
1.000000e-02  1.000000e+00  1.000000e-10  6.966265e+00  1.000000e-06  5.237434e-06
1.000000e-02  1.000000e+00  1.000000e-10  7.014553e+00  1.000000e-06  5.210405e-06
1.000000e-02  1.000000e+00  1.000000e-10  7.063176e+00  1.000000e-06  5.204484e-06
1.000000e-02  1.000000e+00  1.000000e-10  7.112135e+00  1.000000e-06  5.183664e-06
1.000000e-02  1.000000e+00  1.000000e-10  7.161434e+00  1.000000e-06  5.171742e-06
1.000000e-02  1.000000e+00  1.000000e-10  7.211075e+00  1.000000e-06  5.165908e-06
1.000000e-02  1.000000e+00  1.000000e-10  7.261060e+00  1.000000e-06  5.145274e-06
1.000000e-02  1.000000e+00  1.000000e-10  7.311391e+00  1.000000e-06  5.133440e-06
1.000000e-02  1.000000e+00  1.000000e-10  7.362071e+00  1.000000e-06  5.112937e-06
1.000000e-02  1.000000e+00  1.000000e-10  7.413102e+00  1.000000e-06  5.107244e-06
1.000000e-02  1.000000e+00  1.000000e-10  7.464488e+00  1.000000e-06  5.101570e-06
1.000000e-02  1.000000e+00  1.000000e-10  7.516229e+00  1.000000e-06  5.075179e-06
1.000000e-02  1.000000e+00  1.000000e-10  7.568329e+00  1.000000e-06  5.069571e-06
1.000000e-02  1.000000e+00  1.000000e-10  7.620790e+00  1.000000e-06  5.049390e-06
1.000000e-02  1.000000e+00  1.000000e-10  7.673615e+00  1.000000e-06  5.037776e-06
1.000000e-02  1.000000e+00  1.000000e-10  7.726806e+00  1.000000e-06  5.017726e-06
1.000000e-02  1.000000e+00  1.000000e-10  7.780366e+00  1.000000e-06  5.012255e-06
1.000000e-02  1.000000e+00  1.000000e-10  7.834296e+00  1.000000e-06  5.000727e-06
1.000000e-02  1.000000e+00  1.000000e-10  7.888601e+00  1.000000e-06  4.980859e-06
1.000000e-02  1.000000e+00  1.000000e-10  7.943282e+00  1.000000e-06  4.975472e-06
1.000000e-02  1.000000e+00  1.000000e-10  7.998343e+00  1.000000e-06  4.949665e-06
1.000000e-02  1.000000e+00  1.000000e-10  8.053784e+00  1.000000e-06  4.944342e-06
1.000000e-02  1.000000e+00  1.000000e-10  8.109611e+00  1.000000e-06  4.939038e-06
1.000000e-02  1.000000e+00  1.000000e-10  8.165824e+00  1.000000e-06  4.919487e-06
1.000000e-02  1.000000e+00  1.000000e-10  8.222426e+00  1.000000e-06  4.908173e-06
1.000000e-02  1.000000e+00  1.000000e-10  8.279422e+00  1.000000e-06  4.888751e-06
1.000000e-02  1.000000e+00  1.000000e-10  8.336812e+00  1.000000e-06  4.883580e-06
1.000000e-02  1.000000e+00  1.000000e-10  8.394600e+00  1.000000e-06  4.872348e-06
1.000000e-02  1.000000e+00  1.000000e-10  8.452788e+00  1.000000e-06  4.853107e-06
1.000000e-02  1.000000e+00  1.000000e-10  8.511380e+00  1.000000e-06  4.848016e-06
1.000000e-02  1.000000e+00  1.000000e-10  8.570378e+00  1.000000e-06  4.822832e-06
1.000000e-02  1.000000e+00  1.000000e-10  8.629785e+00  1.000000e-06  4.817803e-06
1.000000e-02  1.000000e+00  1.000000e-10  8.689604e+00  1.000000e-06  4.798825e-06
1.000000e-02  1.000000e+00  1.000000e-10  8.749838e+00  1.000000e-06  4.787788e-06
1.000000e-02  1.000000e+00  1.000000e-10  8.810489e+00  1.000000e-06  4.782839e-06
1.000000e-02  1.000000e+00  1.000000e-10  8.871560e+00  1.000000e-06  4.764038e-06
1.000000e-02  1.000000e+00  1.000000e-10  8.933055e+00  1.000000e-06  4.759156e-06
1.000000e-02  1.000000e+00  1.000000e-10  8.994976e+00  1.000000e-06  4.734409e-06
1.000000e-02  1.000000e+00  1.000000e-10  9.057326e+00  1.000000e-06  4.729587e-06
1.000000e-02  1.000000e+00  1.000000e-10  9.120108e+00  1.000000e-06  4.724783e-06
1.000000e-02  1.000000e+00  1.000000e-10  9.183326e+00  1.000000e-06  4.700213e-06
1.000000e-02  1.000000e+00  1.000000e-10  9.246982e+00  1.000000e-06  4.695469e-06
1.000000e-02  1.000000e+00  1.000000e-10  9.311079e+00  1.000000e-06  4.677106e-06
1.000000e-02  1.000000e+00  1.000000e-10  9.375620e+00  1.000000e-06  4.666349e-06
1.000000e-02  1.000000e+00  1.000000e-10  9.440609e+00  1.000000e-06  4.648113e-06
1.000000e-02  1.000000e+00  1.000000e-10  9.506048e+00  1.000000e-06  4.643494e-06
1.000000e-02  1.000000e+00  1.000000e-10  9.571941e+00  1.000000e-06  4.632814e-06
1.000000e-02  1.000000e+00  1.000000e-10  9.638290e+00  1.000000e-06  4.614753e-06
1.000000e-02  1.000000e+00  1.000000e-10  9.705100e+00  1.000000e-06  4.610209e-06
1.000000e-02  1.000000e+00  1.000000e-10  9.772372e+00  1.000000e-06  4.592280e-06
1.000000e-02  1.000000e+00  1.000000e-10  9.840111e+00  1.000000e-06  4.581718e-06
1.000000e-02  1.000000e+00  1.000000e-10  9.908319e+00  1.000000e-06  4.577248e-06
1.000000e-02  1.000000e+00  1.000000e-10  9.977001e+00  1.000000e-06  4.559492e-06
1.000000e-02  1.000000e+00  1.000000e-10  1.004616e+01  1.000000e-06  4.549006e-06
1.000000e-02  1.000000e+00  1.000000e-10  1.011579e+01  1.000000e-06  4.531375e-06
1.000000e-02  1.000000e+00  1.000000e-10  1.018591e+01  1.000000e-06  4.527026e-06
1.000000e-02  1.000000e+00  1.000000e-10  1.025652e+01  1.000000e-06  4.503447e-06
1.000000e-02  1.000000e+00  1.000000e-10  1.032761e+01  1.000000e-06  4.499155e-06
1.000000e-02  1.000000e+00  1.000000e-10  1.039920e+01  1.000000e-06  4.494880e-06
1.000000e-02  1.000000e+00  1.000000e-10  1.047129e+01  1.000000e-06  4.471473e-06
1.000000e-02  1.000000e+00  1.000000e-10  1.054387e+01  1.000000e-06  4.467253e-06
1.000000e-02  1.000000e+00  1.000000e-10  1.061696e+01  1.000000e-06  4.450049e-06
1.000000e-02  1.000000e+00  1.000000e-10  1.069055e+01  1.000000e-06  4.445891e-06
1.000000e-02  1.000000e+00  1.000000e-10  1.076465e+01  1.000000e-06  4.435666e-06
1.000000e-02  1.000000e+00  1.000000e-10  1.083927e+01  1.000000e-06  4.418631e-06
1.000000e-02  1.000000e+00  1.000000e-10  1.091440e+01  1.000000e-06  4.414544e-06
1.000000e-02  1.000000e+00  1.000000e-10  1.099006e+01  1.000000e-06  4.391557e-06
1.000000e-02  1.000000e+00  1.000000e-10  1.106624e+01  1.000000e-06  4.387525e-06
1.000000e-02  1.000000e+00  1.000000e-10  1.114295e+01  1.000000e-06  4.370743e-06
1.000000e-02  1.000000e+00  1.000000e-10  1.122018e+01  1.000000e-06  4.360691e-06
1.000000e-02  1.000000e+00  1.000000e-10  1.129796e+01  1.000000e-06  4.356728e-06
1.000000e-02  1.000000e+00  1.000000e-10  1.137627e+01  1.000000e-06  4.340114e-06
1.000000e-02  1.000000e+00  1.000000e-10  1.145513e+01  1.000000e-06  4.330132e-06
1.000000e-02  1.000000e+00  1.000000e-10  1.153453e+01  1.000000e-06  4.313640e-06
1.000000e-02  1.000000e+00  1.000000e-10  1.161449e+01  1.000000e-06  4.309790e-06
1.000000e-02  1.000000e+00  1.000000e-10  1.169499e+01  1.000000e-06  4.293426e-06
1.000000e-02  1.000000e+00  1.000000e-10  1.177606e+01  1.000000e-06  4.283552e-06
1.000000e-02  1.000000e+00  1.000000e-10  1.185769e+01  1.000000e-06  4.279770e-06
1.000000e-02  1.000000e+00  1.000000e-10  1.193988e+01  1.000000e-06  4.263572e-06
1.000000e-02  1.000000e+00  1.000000e-10  1.202264e+01  1.000000e-06  4.253766e-06
1.000000e-02  1.000000e+00  1.000000e-10  1.210598e+01  1.000000e-06  4.237688e-06
1.000000e-02  1.000000e+00  1.000000e-10  1.218990e+01  1.000000e-06  4.234017e-06
1.000000e-02  1.000000e+00  1.000000e-10  1.227439e+01  1.000000e-06  4.224279e-06
1.000000e-02  1.000000e+00  1.000000e-10  1.235947e+01  1.000000e-06  4.208366e-06
1.000000e-02  1.000000e+00  1.000000e-10  1.244515e+01  1.000000e-06  4.204760e-06
1.000000e-02  1.000000e+00  1.000000e-10  1.253141e+01  1.000000e-06  4.182893e-06
1.000000e-02  1.000000e+00  1.000000e-10  1.261828e+01  1.000000e-06  4.179339e-06
1.000000e-02  1.000000e+00  1.000000e-10  1.270574e+01  1.000000e-06  4.163672e-06
1.000000e-02  1.000000e+00  1.000000e-10  1.279381e+01  1.000000e-06  4.160175e-06
1.000000e-02  1.000000e+00  1.000000e-10  1.288250e+01  1.000000e-06  4.150607e-06
1.000000e-02  1.000000e+00  1.000000e-10  1.297179e+01  1.000000e-06  4.135101e-06
1.000000e-02  1.000000e+00  1.000000e-10  1.306171e+01  1.000000e-06  4.131668e-06
1.000000e-02  1.000000e+00  1.000000e-10  1.315225e+01  1.000000e-06  4.110205e-06
1.000000e-02  1.000000e+00  1.000000e-10  1.324342e+01  1.000000e-06  4.106821e-06
1.000000e-02  1.000000e+00  1.000000e-10  1.333521e+01  1.000000e-06  4.091560e-06
1.000000e-02  1.000000e+00  1.000000e-10  1.342765e+01  1.000000e-06  4.082149e-06
1.000000e-02  1.000000e+00  1.000000e-10  1.352073e+01  1.000000e-06  4.078829e-06
1.000000e-02  1.000000e+00  1.000000e-10  1.361445e+01  1.000000e-06  4.063727e-06
1.000000e-02  1.000000e+00  1.000000e-10  1.370882e+01  1.000000e-06  4.054381e-06
1.000000e-02  1.000000e+00  1.000000e-10  1.380384e+01  1.000000e-06  4.039397e-06
1.000000e-02  1.000000e+00  1.000000e-10  1.389953e+01  1.000000e-06  4.036180e-06
1.000000e-02  1.000000e+00  1.000000e-10  1.399587e+01  1.000000e-06  4.026897e-06
1.000000e-02  1.000000e+00  1.000000e-10  1.409289e+01  1.000000e-06  4.012070e-06
1.000000e-02  1.000000e+00  1.000000e-10  1.419058e+01  1.000000e-06  4.008915e-06
1.000000e-02  1.000000e+00  1.000000e-10  1.428894e+01  1.000000e-06  3.994212e-06
1.000000e-02  1.000000e+00  1.000000e-10  1.438799e+01  1.000000e-06  3.985025e-06
1.000000e-02  1.000000e+00  1.000000e-10  1.448772e+01  1.000000e-06  3.970439e-06
1.000000e-02  1.000000e+00  1.000000e-10  1.458814e+01  1.000000e-06  3.967384e-06
1.000000e-02  1.000000e+00  1.000000e-10  1.468926e+01  1.000000e-06  3.958259e-06
1.000000e-02  1.000000e+00  1.000000e-10  1.479108e+01  1.000000e-06  3.943828e-06
1.000000e-02  1.000000e+00  1.000000e-10  1.489361e+01  1.000000e-06  3.940833e-06
1.000000e-02  1.000000e+00  1.000000e-10  1.499685e+01  1.000000e-06  3.920442e-06
1.000000e-02  1.000000e+00  1.000000e-10  1.510080e+01  1.000000e-06  3.917493e-06
1.000000e-02  1.000000e+00  1.000000e-10  1.520548e+01  1.000000e-06  3.903299e-06
1.000000e-02  1.000000e+00  1.000000e-10  1.531087e+01  1.000000e-06  3.894321e-06
1.000000e-02  1.000000e+00  1.000000e-10  1.541700e+01  1.000000e-06  3.891431e-06
1.000000e-02  1.000000e+00  1.000000e-10  1.552387e+01  1.000000e-06  3.877390e-06
1.000000e-02  1.000000e+00  1.000000e-10  1.563148e+01  1.000000e-06  3.874551e-06
1.000000e-02  1.000000e+00  1.000000e-10  1.573983e+01  1.000000e-06  3.854546e-06
1.000000e-02  1.000000e+00  1.000000e-10  1.584893e+01  1.000000e-06  3.851752e-06
1.000000e-02  1.000000e+00  1.000000e-10  1.595879e+01  1.000000e-06  3.837945e-06
1.000000e-02  1.000000e+00  1.000000e-10  1.606941e+01  1.000000e-06  3.829118e-06
1.000000e-02  1.000000e+00  1.000000e-10  1.618080e+01  1.000000e-06  3.826381e-06
1.000000e-02  1.000000e+00  1.000000e-10  1.629296e+01  1.000000e-06  3.812726e-06
1.000000e-02  1.000000e+00  1.000000e-10  1.640590e+01  1.000000e-06  3.803957e-06
1.000000e-02  1.000000e+00  1.000000e-10  1.651962e+01  1.000000e-06  3.790414e-06
1.000000e-02  1.000000e+00  1.000000e-10  1.663413e+01  1.000000e-06  3.787771e-06
1.000000e-02  1.000000e+00  1.000000e-10  1.674943e+01  1.000000e-06  3.768266e-06
1.000000e-02  1.000000e+00  1.000000e-10  1.686553e+01  1.000000e-06  3.765667e-06
1.000000e-02  1.000000e+00  1.000000e-10  1.698244e+01  1.000000e-06  3.763079e-06
1.000000e-02  1.000000e+00  1.000000e-10  1.710015e+01  1.000000e-06  3.749804e-06
1.000000e-02  1.000000e+00  1.000000e-10  1.721869e+01  1.000000e-06  3.741180e-06
1.000000e-02  1.000000e+00  1.000000e-10  1.733804e+01  1.000000e-06  3.728016e-06
1.000000e-02  1.000000e+00  1.000000e-10  1.745822e+01  1.000000e-06  3.725520e-06
1.000000e-02  1.000000e+00  1.000000e-10  1.757924e+01  1.000000e-06  3.706388e-06
1.000000e-02  1.000000e+00  1.000000e-10  1.770109e+01  1.000000e-06  3.703935e-06
1.000000e-02  1.000000e+00  1.000000e-10  1.782379e+01  1.000000e-06  3.701493e-06
1.000000e-02  1.000000e+00  1.000000e-10  1.794734e+01  1.000000e-06  3.682509e-06
1.000000e-02  1.000000e+00  1.000000e-10  1.807174e+01  1.000000e-06  3.680109e-06
1.000000e-02  1.000000e+00  1.000000e-10  1.819701e+01  1.000000e-06  3.667318e-06
1.000000e-02  1.000000e+00  1.000000e-10  1.832314e+01  1.000000e-06  3.658884e-06
1.000000e-02  1.000000e+00  1.000000e-10  1.845015e+01  1.000000e-06  3.646203e-06
1.000000e-02  1.000000e+00  1.000000e-10  1.857804e+01  1.000000e-06  3.643891e-06
1.000000e-02  1.000000e+00  1.000000e-10  1.870682e+01  1.000000e-06  3.641591e-06
1.000000e-02  1.000000e+00  1.000000e-10  1.883649e+01  1.000000e-06  3.622973e-06
1.000000e-02  1.000000e+00  1.000000e-10  1.896706e+01  1.000000e-06  3.620714e-06
1.000000e-02  1.000000e+00  1.000000e-10  1.909853e+01  1.000000e-06  3.608291e-06
1.000000e-02  1.000000e+00  1.000000e-10  1.923092e+01  1.000000e-06  3.599993e-06
1.000000e-02  1.000000e+00  1.000000e-10  1.936422e+01  1.000000e-06  3.587678e-06
1.000000e-02  1.000000e+00  1.000000e-10  1.949845e+01  1.000000e-06  3.585504e-06
1.000000e-02  1.000000e+00  1.000000e-10  1.963360e+01  1.000000e-06  3.577258e-06
1.000000e-02  1.000000e+00  1.000000e-10  1.976970e+01  1.000000e-06  3.565086e-06
1.000000e-02  1.000000e+00  1.000000e-10  1.990673e+01  1.000000e-06  3.562962e-06
1.000000e-02  1.000000e+00  1.000000e-10  2.004472e+01  1.000000e-06  3.544821e-06
1.000000e-02  1.000000e+00  1.000000e-10  2.018366e+01  1.000000e-06  3.542736e-06
1.000000e-02  1.000000e+00  1.000000e-10  2.032357e+01  1.000000e-06  3.530783e-06
1.000000e-02  1.000000e+00  1.000000e-10  2.046445e+01  1.000000e-06  3.528744e-06
1.000000e-02  1.000000e+00  1.000000e-10  2.060630e+01  1.000000e-06  3.520628e-06
1.000000e-02  1.000000e+00  1.000000e-10  2.074914e+01  1.000000e-06  3.508815e-06
1.000000e-02  1.000000e+00  1.000000e-10  2.089296e+01  1.000000e-06  3.506824e-06
1.000000e-02  1.000000e+00  1.000000e-10  2.103778e+01  1.000000e-06  3.489036e-06
1.000000e-02  1.000000e+00  1.000000e-10  2.118361e+01  1.000000e-06  3.487084e-06
1.000000e-02  1.000000e+00  1.000000e-10  2.133045e+01  1.000000e-06  3.475487e-06
1.000000e-02  1.000000e+00  1.000000e-10  2.147830e+01  1.000000e-06  3.467493e-06
1.000000e-02  1.000000e+00  1.000000e-10  2.162719e+01  1.000000e-06  3.456001e-06
1.000000e-02  1.000000e+00  1.000000e-10  2.177710e+01  1.000000e-06  3.454129e-06
1.000000e-02  1.000000e+00  1.000000e-10  2.192805e+01  1.000000e-06  3.446185e-06
1.000000e-02  1.000000e+00  1.000000e-10  2.208005e+01  1.000000e-06  3.434828e-06
1.000000e-02  1.000000e+00  1.000000e-10  2.223310e+01  1.000000e-06  3.433004e-06
1.000000e-02  1.000000e+00  1.000000e-10  2.238721e+01  1.000000e-06  3.415676e-06
1.000000e-02  1.000000e+00  1.000000e-10  2.254239e+01  1.000000e-06  3.413887e-06
1.000000e-02  1.000000e+00  1.000000e-10  2.269865e+01  1.000000e-06  3.402744e-06
1.000000e-02  1.000000e+00  1.000000e-10  2.285599e+01  1.000000e-06  3.400998e-06
1.000000e-02  1.000000e+00  1.000000e-10  2.301442e+01  1.000000e-06  3.393176e-06
1.000000e-02  1.000000e+00  1.000000e-10  2.317395e+01  1.000000e-06  3.382166e-06
1.000000e-02  1.000000e+00  1.000000e-10  2.333458e+01  1.000000e-06  3.380466e-06
1.000000e-02  1.000000e+00  1.000000e-10  2.349633e+01  1.000000e-06  3.363479e-06
1.000000e-02  1.000000e+00  1.000000e-10  2.365920e+01  1.000000e-06  3.361814e-06
1.000000e-02  1.000000e+00  1.000000e-10  2.382319e+01  1.000000e-06  3.351013e-06
1.000000e-02  1.000000e+00  1.000000e-10  2.398833e+01  1.000000e-06  3.343306e-06
1.000000e-02  1.000000e+00  1.000000e-10  2.415461e+01  1.000000e-06  3.341687e-06
1.000000e-02  1.000000e+00  1.000000e-10  2.432204e+01  1.000000e-06  3.331018e-06
1.000000e-02  1.000000e+00  1.000000e-10  2.449063e+01  1.000000e-06  3.323356e-06
1.000000e-02  1.000000e+00  1.000000e-10  2.466039e+01  1.000000e-06  3.312787e-06
1.000000e-02  1.000000e+00  1.000000e-10  2.483133e+01  1.000000e-06  3.311243e-06
1.000000e-02  1.000000e+00  1.000000e-10  2.500345e+01  1.000000e-06  3.300779e-06
1.000000e-02  1.000000e+00  1.000000e-10  2.517677e+01  1.000000e-06  3.293188e-06
1.000000e-02  1.000000e+00  1.000000e-10  2.535129e+01  1.000000e-06  3.282824e-06
1.000000e-02  1.000000e+00  1.000000e-10  2.552701e+01  1.000000e-06  3.281353e-06
1.000000e-02  1.000000e+00  1.000000e-10  2.570396e+01  1.000000e-06  3.273806e-06
1.000000e-02  1.000000e+00  1.000000e-10  2.588213e+01  1.000000e-06  3.263570e-06
1.000000e-02  1.000000e+00  1.000000e-10  2.606154e+01  1.000000e-06  3.262142e-06
1.000000e-02  1.000000e+00  1.000000e-10  2.624219e+01  1.000000e-06  3.245926e-06
1.000000e-02  1.000000e+00  1.000000e-10  2.642409e+01  1.000000e-06  3.244531e-06
1.000000e-02  1.000000e+00  1.000000e-10  2.660725e+01  1.000000e-06  3.234497e-06
1.000000e-02  1.000000e+00  1.000000e-10  2.679168e+01  1.000000e-06  3.227058e-06
1.000000e-02  1.000000e+00  1.000000e-10  2.697739e+01  1.000000e-06  3.217121e-06
1.000000e-02  1.000000e+00  1.000000e-10  2.716439e+01  1.000000e-06  3.215797e-06
1.000000e-02  1.000000e+00  1.000000e-10  2.735269e+01  1.000000e-06  3.214482e-06
1.000000e-02  1.000000e+00  1.000000e-10  2.754229e+01  1.000000e-06  3.198589e-06
1.000000e-02  1.000000e+00  1.000000e-10  2.773320e+01  1.000000e-06  3.197306e-06
1.000000e-02  1.000000e+00  1.000000e-10  2.792544e+01  1.000000e-06  3.187596e-06
1.000000e-02  1.000000e+00  1.000000e-10  2.811901e+01  1.000000e-06  3.180265e-06
1.000000e-02  1.000000e+00  1.000000e-10  2.831392e+01  1.000000e-06  3.170651e-06
1.000000e-02  1.000000e+00  1.000000e-10  2.851018e+01  1.000000e-06  3.169437e-06
1.000000e-02  1.000000e+00  1.000000e-10  2.870781e+01  1.000000e-06  3.162147e-06
1.000000e-02  1.000000e+00  1.000000e-10  2.890680e+01  1.000000e-06  3.152656e-06
1.000000e-02  1.000000e+00  1.000000e-10  2.910717e+01  1.000000e-06  3.151482e-06
1.000000e-02  1.000000e+00  1.000000e-10  2.930893e+01  1.000000e-06  3.136007e-06
1.000000e-02  1.000000e+00  1.000000e-10  2.951209e+01  1.000000e-06  3.134864e-06
1.000000e-02  1.000000e+00  1.000000e-10  2.971666e+01  1.000000e-06  3.125566e-06
1.000000e-02  1.000000e+00  1.000000e-10  2.992265e+01  1.000000e-06  3.124460e-06
1.000000e-02  1.000000e+00  1.000000e-10  3.013006e+01  1.000000e-06  3.109173e-06
1.000000e-02  1.000000e+00  1.000000e-10  3.033891e+01  1.000000e-06  3.108097e-06
1.000000e-02  1.000000e+00  1.000000e-10  3.054921e+01  1.000000e-06  3.107029e-06
1.000000e-02  1.000000e+00  1.000000e-10  3.076097e+01  1.000000e-06  3.091863e-06
1.000000e-02  1.000000e+00  1.000000e-10  3.097419e+01  1.000000e-06  3.090825e-06
1.000000e-02  1.000000e+00  1.000000e-10  3.118890e+01  1.000000e-06  3.081838e-06
1.000000e-02  1.000000e+00  1.000000e-10  3.140509e+01  1.000000e-06  3.074750e-06
1.000000e-02  1.000000e+00  1.000000e-10  3.162278e+01  1.000000e-06  3.065855e-06
1.000000e-02  1.000000e+00  1.000000e-10  3.184198e+01  1.000000e-06  3.064882e-06
1.000000e-02  1.000000e+00  1.000000e-10  3.206269e+01  1.000000e-06  3.049999e-06
1.000000e-02  1.000000e+00  1.000000e-10  3.228494e+01  1.000000e-06  3.049054e-06
1.000000e-02  1.000000e+00  1.000000e-10  3.250873e+01  1.000000e-06  3.048118e-06
1.000000e-02  1.000000e+00  1.000000e-10  3.273407e+01  1.000000e-06  3.039437e-06
1.000000e-02  1.000000e+00  1.000000e-10  3.296097e+01  1.000000e-06  3.032446e-06
1.000000e-02  1.000000e+00  1.000000e-10  3.318945e+01  1.000000e-06  3.023854e-06
1.000000e-02  1.000000e+00  1.000000e-10  3.341950e+01  1.000000e-06  3.022981e-06
1.000000e-02  1.000000e+00  1.000000e-10  3.365116e+01  1.000000e-06  3.008396e-06
1.000000e-02  1.000000e+00  1.000000e-10  3.388442e+01  1.000000e-06  3.007551e-06
1.000000e-02  1.000000e+00  1.000000e-10  3.411929e+01  1.000000e-06  2.999143e-06
1.000000e-02  1.000000e+00  1.000000e-10  3.435579e+01  1.000000e-06  2.992245e-06
1.000000e-02  1.000000e+00  1.000000e-10  3.459394e+01  1.000000e-06  2.983925e-06
1.000000e-02  1.000000e+00  1.000000e-10  3.483373e+01  1.000000e-06  2.983140e-06
1.000000e-02  1.000000e+00  1.000000e-10  3.507519e+01  1.000000e-06  2.976279e-06
1.000000e-02  1.000000e+00  1.000000e-10  3.531832e+01  1.000000e-06  2.968072e-06
1.000000e-02  1.000000e+00  1.000000e-10  3.556313e+01  1.000000e-06  2.967323e-06
1.000000e-02  1.000000e+00  1.000000e-10  3.580964e+01  1.000000e-06  2.953126e-06
1.000000e-02  1.000000e+00  1.000000e-10  3.605786e+01  1.000000e-06  2.952403e-06
1.000000e-02  1.000000e+00  1.000000e-10  3.630781e+01  1.000000e-06  2.944375e-06
1.000000e-02  1.000000e+00  1.000000e-10  3.655948e+01  1.000000e-06  2.943685e-06
1.000000e-02  1.000000e+00  1.000000e-10  3.681290e+01  1.000000e-06  2.929661e-06
1.000000e-02  1.000000e+00  1.000000e-10  3.706807e+01  1.000000e-06  2.928997e-06
1.000000e-02  1.000000e+00  1.000000e-10  3.732502e+01  1.000000e-06  2.928341e-06
1.000000e-02  1.000000e+00  1.000000e-10  3.758374e+01  1.000000e-06  2.914429e-06
1.000000e-02  1.000000e+00  1.000000e-10  3.784426e+01  1.000000e-06  2.913798e-06
1.000000e-02  1.000000e+00  1.000000e-10  3.810658e+01  1.000000e-06  2.906057e-06
1.000000e-02  1.000000e+00  1.000000e-10  3.837072e+01  1.000000e-06  2.899373e-06
1.000000e-02  1.000000e+00  1.000000e-10  3.863670e+01  1.000000e-06  2.891716e-06
1.000000e-02  1.000000e+00  1.000000e-10  3.890451e+01  1.000000e-06  2.891143e-06
1.000000e-02  1.000000e+00  1.000000e-10  3.917419e+01  1.000000e-06  2.877492e-06
1.000000e-02  1.000000e+00  1.000000e-10  3.944573e+01  1.000000e-06  2.876944e-06
1.000000e-02  1.000000e+00  1.000000e-10  3.971915e+01  1.000000e-06  2.869459e-06
1.000000e-02  1.000000e+00  1.000000e-10  3.999447e+01  1.000000e-06  2.868942e-06
1.000000e-02  1.000000e+00  1.000000e-10  4.027170e+01  1.000000e-06  2.862344e-06
1.000000e-02  1.000000e+00  1.000000e-10  4.055085e+01  1.000000e-06  2.854965e-06
1.000000e-02  1.000000e+00  1.000000e-10  4.083194e+01  1.000000e-06  2.854480e-06
1.000000e-02  1.000000e+00  1.000000e-10  4.111497e+01  1.000000e-06  2.841102e-06
1.000000e-02  1.000000e+00  1.000000e-10  4.139997e+01  1.000000e-06  2.840641e-06
1.000000e-02  1.000000e+00  1.000000e-10  4.168694e+01  1.000000e-06  2.833432e-06
1.000000e-02  1.000000e+00  1.000000e-10  4.197590e+01  1.000000e-06  2.826915e-06
1.000000e-02  1.000000e+00  1.000000e-10  4.226686e+01  1.000000e-06  2.819787e-06
1.000000e-02  1.000000e+00  1.000000e-10  4.255984e+01  1.000000e-06  2.819380e-06
1.000000e-02  1.000000e+00  1.000000e-10  4.285485e+01  1.000000e-06  2.806254e-06
1.000000e-02  1.000000e+00  1.000000e-10  4.315191e+01  1.000000e-06  2.805870e-06
1.000000e-02  1.000000e+00  1.000000e-10  4.345102e+01  1.000000e-06  2.805493e-06
1.000000e-02  1.000000e+00  1.000000e-10  4.375221e+01  1.000000e-06  2.798553e-06
1.000000e-02  1.000000e+00  1.000000e-10  4.405549e+01  1.000000e-06  2.792117e-06
1.000000e-02  1.000000e+00  1.000000e-10  4.436086e+01  1.000000e-06  2.785256e-06
1.000000e-02  1.000000e+00  1.000000e-10  4.466836e+01  1.000000e-06  2.784932e-06
1.000000e-02  1.000000e+00  1.000000e-10  4.497799e+01  1.000000e-06  2.772068e-06
1.000000e-02  1.000000e+00  1.000000e-10  4.528976e+01  1.000000e-06  2.771766e-06
1.000000e-02  1.000000e+00  1.000000e-10  4.560369e+01  1.000000e-06  2.765068e-06
1.000000e-02  1.000000e+00  1.000000e-10  4.591980e+01  1.000000e-06  2.758709e-06
1.000000e-02  1.000000e+00  1.000000e-10  4.623810e+01  1.000000e-06  2.752088e-06
1.000000e-02  1.000000e+00  1.000000e-10  4.655861e+01  1.000000e-06  2.751837e-06
1.000000e-02  1.000000e+00  1.000000e-10  4.688134e+01  1.000000e-06  2.745508e-06
1.000000e-02  1.000000e+00  1.000000e-10  4.720630e+01  1.000000e-06  2.738986e-06
1.000000e-02  1.000000e+00  1.000000e-10  4.753352e+01  1.000000e-06  2.738764e-06
1.000000e-02  1.000000e+00  1.000000e-10  4.786301e+01  1.000000e-06  2.732324e-06
1.000000e-02  1.000000e+00  1.000000e-10  4.819478e+01  1.000000e-06  2.726040e-06
1.000000e-02  1.000000e+00  1.000000e-10  4.852885e+01  1.000000e-06  2.719676e-06
1.000000e-02  1.000000e+00  1.000000e-10  4.886524e+01  1.000000e-06  2.719503e-06
1.000000e-02  1.000000e+00  1.000000e-10  4.920395e+01  1.000000e-06  2.707132e-06
1.000000e-02  1.000000e+00  1.000000e-10  4.954502e+01  1.000000e-06  2.706980e-06
1.000000e-02  1.000000e+00  1.000000e-10  4.988845e+01  1.000000e-06  2.700772e-06
1.000000e-02  1.000000e+00  1.000000e-10  5.023426e+01  1.000000e-06  2.694561e-06
1.000000e-02  1.000000e+00  1.000000e-10  5.058247e+01  1.000000e-06  2.688427e-06
1.000000e-02  1.000000e+00  1.000000e-10  5.093309e+01  1.000000e-06  2.688323e-06
1.000000e-02  1.000000e+00  1.000000e-10  5.128614e+01  1.000000e-06  2.682140e-06
1.000000e-02  1.000000e+00  1.000000e-10  5.164164e+01  1.000000e-06  2.676100e-06
1.000000e-02  1.000000e+00  1.000000e-10  5.199960e+01  1.000000e-06  2.676023e-06
1.000000e-02  1.000000e+00  1.000000e-10  5.236004e+01  1.000000e-06  2.663978e-06
1.000000e-02  1.000000e+00  1.000000e-10  5.272299e+01  1.000000e-06  2.663921e-06
1.000000e-02  1.000000e+00  1.000000e-10  5.308844e+01  1.000000e-06  2.658033e-06
1.000000e-02  1.000000e+00  1.000000e-10  5.345644e+01  1.000000e-06  2.658002e-06
1.000000e-02  1.000000e+00  1.000000e-10  5.382698e+01  1.000000e-06  2.646103e-06
1.000000e-02  1.000000e+00  1.000000e-10  5.420009e+01  1.000000e-06  2.646092e-06
1.000000e-02  1.000000e+00  1.000000e-10  5.457579e+01  1.000000e-06  2.640354e-06
1.000000e-02  1.000000e+00  1.000000e-10  5.495409e+01  1.000000e-06  2.634281e-06
1.000000e-02  1.000000e+00  1.000000e-10  5.533501e+01  1.000000e-06  2.628613e-06
1.000000e-02  1.000000e+00  1.000000e-10  5.571857e+01  1.000000e-06  2.628647e-06
1.000000e-02  1.000000e+00  1.000000e-10  5.610480e+01  1.000000e-06  2.622602e-06
1.000000e-02  1.000000e+00  1.000000e-10  5.649370e+01  1.000000e-06  2.617023e-06
1.000000e-02  1.000000e+00  1.000000e-10  5.688529e+01  1.000000e-06  2.617083e-06
1.000000e-02  1.000000e+00  1.000000e-10  5.727960e+01  1.000000e-06  2.605496e-06
1.000000e-02  1.000000e+00  1.000000e-10  5.767665e+01  1.000000e-06  2.605574e-06
1.000000e-02  1.000000e+00  1.000000e-10  5.807644e+01  1.000000e-06  2.600141e-06
1.000000e-02  1.000000e+00  1.000000e-10  5.847901e+01  1.000000e-06  2.600243e-06
1.000000e-02  1.000000e+00  1.000000e-10  5.888437e+01  1.000000e-06  2.588796e-06
1.000000e-02  1.000000e+00  1.000000e-10  5.929253e+01  1.000000e-06  2.588917e-06
1.000000e-02  1.000000e+00  1.000000e-10  5.970353e+01  1.000000e-06  2.583627e-06
1.000000e-02  1.000000e+00  1.000000e-10  6.011737e+01  1.000000e-06  2.577685e-06
1.000000e-02  1.000000e+00  1.000000e-10  6.053409e+01  1.000000e-06  2.572462e-06
1.000000e-02  1.000000e+00  1.000000e-10  6.095369e+01  1.000000e-06  2.572626e-06
1.000000e-02  1.000000e+00  1.000000e-10  6.137620e+01  1.000000e-06  2.561390e-06
1.000000e-02  1.000000e+00  1.000000e-10  6.180164e+01  1.000000e-06  2.561572e-06
1.000000e-02  1.000000e+00  1.000000e-10  6.223003e+01  1.000000e-06  2.561759e-06
1.000000e-02  1.000000e+00  1.000000e-10  6.266139e+01  1.000000e-06  2.550609e-06
1.000000e-02  1.000000e+00  1.000000e-10  6.309573e+01  1.000000e-06  2.550814e-06
1.000000e-02  1.000000e+00  1.000000e-10  6.353309e+01  1.000000e-06  2.545815e-06
1.000000e-02  1.000000e+00  1.000000e-10  6.397348e+01  1.000000e-06  2.546044e-06
1.000000e-02  1.000000e+00  1.000000e-10  6.441693e+01  1.000000e-06  2.535027e-06
1.000000e-02  1.000000e+00  1.000000e-10  6.486344e+01  1.000000e-06  2.535272e-06
1.000000e-02  1.000000e+00  1.000000e-10  6.531306e+01  1.000000e-06  2.530410e-06
1.000000e-02  1.000000e+00  1.000000e-10  6.576578e+01  1.000000e-06  2.524590e-06
1.000000e-02  1.000000e+00  1.000000e-10  6.622165e+01  1.000000e-06  2.519792e-06
1.000000e-02  1.000000e+00  1.000000e-10  6.668068e+01  1.000000e-06  2.520078e-06
1.000000e-02  1.000000e+00  1.000000e-10  6.714289e+01  1.000000e-06  2.509263e-06
1.000000e-02  1.000000e+00  1.000000e-10  6.760830e+01  1.000000e-06  2.509565e-06
1.000000e-02  1.000000e+00  1.000000e-10  6.807694e+01  1.000000e-06  2.504901e-06
1.000000e-02  1.000000e+00  1.000000e-10  6.854882e+01  1.000000e-06  2.499140e-06
1.000000e-02  1.000000e+00  1.000000e-10  6.902398e+01  1.000000e-06  2.494538e-06
1.000000e-02  1.000000e+00  1.000000e-10  6.950243e+01  1.000000e-06  2.494879e-06
1.000000e-02  1.000000e+00  1.000000e-10  6.998420e+01  1.000000e-06  2.495225e-06
1.000000e-02  1.000000e+00  1.000000e-10  7.046931e+01  1.000000e-06  2.484618e-06
1.000000e-02  1.000000e+00  1.000000e-10  7.095778e+01  1.000000e-06  2.484980e-06
1.000000e-02  1.000000e+00  1.000000e-10  7.144963e+01  1.000000e-06  2.480526e-06
1.000000e-02  1.000000e+00  1.000000e-10  7.194490e+01  1.000000e-06  2.474821e-06
1.000000e-02  1.000000e+00  1.000000e-10  7.244360e+01  1.000000e-06  2.470428e-06
1.000000e-02  1.000000e+00  1.000000e-10  7.294575e+01  1.000000e-06  2.470827e-06
1.000000e-02  1.000000e+00  1.000000e-10  7.345139e+01  1.000000e-06  2.460414e-06
1.000000e-02  1.000000e+00  1.000000e-10  7.396053e+01  1.000000e-06  2.460828e-06
1.000000e-02  1.000000e+00  1.000000e-10  7.447320e+01  1.000000e-06  2.456562e-06
1.000000e-02  1.000000e+00  1.000000e-10  7.498942e+01  1.000000e-06  2.450913e-06
1.000000e-02  1.000000e+00  1.000000e-10  7.550922e+01  1.000000e-06  2.446706e-06
1.000000e-02  1.000000e+00  1.000000e-10  7.603263e+01  1.000000e-06  2.447157e-06
1.000000e-02  1.000000e+00  1.000000e-10  7.655966e+01  1.000000e-06  2.436932e-06
1.000000e-02  1.000000e+00  1.000000e-10  7.709035e+01  1.000000e-06  2.437398e-06
1.000000e-02  1.000000e+00  1.000000e-10  7.762471e+01  1.000000e-06  2.433316e-06
1.000000e-02  1.000000e+00  1.000000e-10  7.816278e+01  1.000000e-06  2.433803e-06
1.000000e-02  1.000000e+00  1.000000e-10  7.870458e+01  1.000000e-06  2.423696e-06
1.000000e-02  1.000000e+00  1.000000e-10  7.925013e+01  1.000000e-06  2.424197e-06
1.000000e-02  1.000000e+00  1.000000e-10  7.979947e+01  1.000000e-06  2.420238e-06
1.000000e-02  1.000000e+00  1.000000e-10  8.035261e+01  1.000000e-06  2.414671e-06
1.000000e-02  1.000000e+00  1.000000e-10  8.090959e+01  1.000000e-06  2.415192e-06
1.000000e-02  1.000000e+00  1.000000e-10  8.147043e+01  1.000000e-06  2.411305e-06
1.000000e-02  1.000000e+00  1.000000e-10  8.203515e+01  1.000000e-06  2.405759e-06
1.000000e-02  1.000000e+00  1.000000e-10  8.260379e+01  1.000000e-06  2.401929e-06
1.000000e-02  1.000000e+00  1.000000e-10  8.317638e+01  1.000000e-06  2.402483e-06
1.000000e-02  1.000000e+00  1.000000e-10  8.375293e+01  1.000000e-06  2.392630e-06
1.000000e-02  1.000000e+00  1.000000e-10  8.433348e+01  1.000000e-06  2.393198e-06
1.000000e-02  1.000000e+00  1.000000e-10  8.491805e+01  1.000000e-06  2.389486e-06
1.000000e-02  1.000000e+00  1.000000e-10  8.550667e+01  1.000000e-06  2.390074e-06
1.000000e-02  1.000000e+00  1.000000e-10  8.609938e+01  1.000000e-06  2.380334e-06
1.000000e-02  1.000000e+00  1.000000e-10  8.669619e+01  1.000000e-06  2.380935e-06
1.000000e-02  1.000000e+00  1.000000e-10  8.729714e+01  1.000000e-06  2.377339e-06
1.000000e-02  1.000000e+00  1.000000e-10  8.790225e+01  1.000000e-06  2.371871e-06
1.000000e-02  1.000000e+00  1.000000e-10  8.851156e+01  1.000000e-06  2.368330e-06
1.000000e-02  1.000000e+00  1.000000e-10  8.912509e+01  1.000000e-06  2.368964e-06
1.000000e-02  1.000000e+00  1.000000e-10  8.974288e+01  1.000000e-06  2.359395e-06
1.000000e-02  1.000000e+00  1.000000e-10  9.036495e+01  1.000000e-06  2.360042e-06
1.000000e-02  1.000000e+00  1.000000e-10  9.099133e+01  1.000000e-06  2.356613e-06
1.000000e-02  1.000000e+00  1.000000e-10  9.162205e+01  1.000000e-06  2.351193e-06
1.000000e-02  1.000000e+00  1.000000e-10  9.225714e+01  1.000000e-06  2.347818e-06
1.000000e-02  1.000000e+00  1.000000e-10  9.289664e+01  1.000000e-06  2.348496e-06
1.000000e-02  1.000000e+00  1.000000e-10  9.354057e+01  1.000000e-06  2.345179e-06
1.000000e-02  1.000000e+00  1.000000e-10  9.418896e+01  1.000000e-06  2.339786e-06
1.000000e-02  1.000000e+00  1.000000e-10  9.484185e+01  1.000000e-06  2.336521e-06
1.000000e-02  1.000000e+00  1.000000e-10  9.549926e+01  1.000000e-06  2.337230e-06
1.000000e-02  1.000000e+00  1.000000e-10  9.616123e+01  1.000000e-06  2.327934e-06
1.000000e-02  1.000000e+00  1.000000e-10  9.682779e+01  1.000000e-06  2.328655e-06
1.000000e-02  1.000000e+00  1.000000e-10  9.749896e+01  1.000000e-06  2.329380e-06
1.000000e-02  1.000000e+00  1.000000e-10  9.817479e+01  1.000000e-06  2.320150e-06
1.000000e-02  1.000000e+00  1.000000e-10  9.885531e+01  1.000000e-06  2.320887e-06
1.000000e-02  1.000000e+00  1.000000e-10  9.954054e+01  1.000000e-06  2.317796e-06
1.000000e-02  1.000000e+00  1.000000e-10  1.002305e+02  1.000000e-06  2.312465e-06
1.000000e-02  1.000000e+00  1.000000e-10  1.009253e+02  1.000000e-06  2.309423e-06
1.000000e-02  1.000000e+00  1.000000e-10  1.016249e+02  1.000000e-06  2.310189e-06
1.000000e-02  1.000000e+00  1.000000e-10  1.023293e+02  1.000000e-06  2.307203e-06
1.000000e-02  1.000000e+00  1.000000e-10  1.030386e+02  1.000000e-06  2.301897e-06
1.000000e-02  1.000000e+00  1.000000e-10  1.037528e+02  1.000000e-06  2.298960e-06
1.000000e-02  1.000000e+00  1.000000e-10  1.044720e+02  1.000000e-06  2.299755e-06
1.000000e-02  1.000000e+00  1.000000e-10  1.051962e+02  1.000000e-06  2.290784e-06
1.000000e-02  1.000000e+00  1.000000e-10  1.059254e+02  1.000000e-06  2.291590e-06
1.000000e-02  1.000000e+00  1.000000e-10  1.066596e+02  1.000000e-06  2.288756e-06
1.000000e-02  1.000000e+00  1.000000e-10  1.073989e+02  1.000000e-06  2.283492e-06
1.000000e-02  1.000000e+00  1.000000e-10  1.081434e+02  1.000000e-06  2.280706e-06
1.000000e-02  1.000000e+00  1.000000e-10  1.088930e+02  1.000000e-06  2.281541e-06
1.000000e-02  1.000000e+00  1.000000e-10  1.096478e+02  1.000000e-06  2.272721e-06
1.000000e-02  1.000000e+00  1.000000e-10  1.104079e+02  1.000000e-06  2.273567e-06
1.000000e-02  1.000000e+00  1.000000e-10  1.111732e+02  1.000000e-06  2.270881e-06
1.000000e-02  1.000000e+00  1.000000e-10  1.119438e+02  1.000000e-06  2.265658e-06
1.000000e-02  1.000000e+00  1.000000e-10  1.127197e+02  1.000000e-06  2.263018e-06
1.000000e-02  1.000000e+00  1.000000e-10  1.135011e+02  1.000000e-06  2.263891e-06
1.000000e-02  1.000000e+00  1.000000e-10  1.142878e+02  1.000000e-06  2.261303e-06
1.000000e-02  1.000000e+00  1.000000e-10  1.150800e+02  1.000000e-06  2.256103e-06
1.000000e-02  1.000000e+00  1.000000e-10  1.158777e+02  1.000000e-06  2.253561e-06
1.000000e-02  1.000000e+00  1.000000e-10  1.166810e+02  1.000000e-06  2.254460e-06
1.000000e-02  1.000000e+00  1.000000e-10  1.174898e+02  1.000000e-06  2.245881e-06
1.000000e-02  1.000000e+00  1.000000e-10  1.183042e+02  1.000000e-06  2.246790e-06
1.000000e-02  1.000000e+00  1.000000e-10  1.191242e+02  1.000000e-06  2.244344e-06
1.000000e-02  1.000000e+00  1.000000e-10  1.199499e+02  1.000000e-06  2.239183e-06
1.000000e-02  1.000000e+00  1.000000e-10  1.207814e+02  1.000000e-06  2.236781e-06
1.000000e-02  1.000000e+00  1.000000e-10  1.216186e+02  1.000000e-06  2.237716e-06
1.000000e-02  1.000000e+00  1.000000e-10  1.224616e+02  1.000000e-06  2.229279e-06
1.000000e-02  1.000000e+00  1.000000e-10  1.233105e+02  1.000000e-06  2.230223e-06
1.000000e-02  1.000000e+00  1.000000e-10  1.241652e+02  1.000000e-06  2.227915e-06
1.000000e-02  1.000000e+00  1.000000e-10  1.250259e+02  1.000000e-06  2.228875e-06
1.000000e-02  1.000000e+00  1.000000e-10  1.258925e+02  1.000000e-06  2.220526e-06
1.000000e-02  1.000000e+00  1.000000e-10  1.267652e+02  1.000000e-06  2.221495e-06
1.000000e-02  1.000000e+00  1.000000e-10  1.276439e+02  1.000000e-06  2.219279e-06
1.000000e-02  1.000000e+00  1.000000e-10  1.285287e+02  1.000000e-06  2.214175e-06
1.000000e-02  1.000000e+00  1.000000e-10  1.294196e+02  1.000000e-06  2.212001e-06
1.000000e-02  1.000000e+00  1.000000e-10  1.303167e+02  1.000000e-06  2.212994e-06
1.000000e-02  1.000000e+00  1.000000e-10  1.312200e+02  1.000000e-06  2.204781e-06
1.000000e-02  1.000000e+00  1.000000e-10  1.321296e+02  1.000000e-06  2.205784e-06
1.000000e-02  1.000000e+00  1.000000e-10  1.330454e+02  1.000000e-06  2.203699e-06
1.000000e-02  1.000000e+00  1.000000e-10  1.339677e+02  1.000000e-06  2.198631e-06
1.000000e-02  1.000000e+00  1.000000e-10  1.348963e+02  1.000000e-06  2.196587e-06
1.000000e-02  1.000000e+00  1.000000e-10  1.358313e+02  1.000000e-06  2.197613e-06
1.000000e-02  1.000000e+00  1.000000e-10  1.367729e+02  1.000000e-06  2.195616e-06
1.000000e-02  1.000000e+00  1.000000e-10  1.377209e+02  1.000000e-06  2.190566e-06
1.000000e-02  1.000000e+00  1.000000e-10  1.386756e+02  1.000000e-06  2.188609e-06
1.000000e-02  1.000000e+00  1.000000e-10  1.396368e+02  1.000000e-06  2.189658e-06
1.000000e-02  1.000000e+00  1.000000e-10  1.406048e+02  1.000000e-06  2.181658e-06
1.000000e-02  1.000000e+00  1.000000e-10  1.415794e+02  1.000000e-06  2.182716e-06
1.000000e-02  1.000000e+00  1.000000e-10  1.425608e+02  1.000000e-06  2.180844e-06
1.000000e-02  1.000000e+00  1.000000e-10  1.435489e+02  1.000000e-06  2.175829e-06
1.000000e-02  1.000000e+00  1.000000e-10  1.445440e+02  1.000000e-06  2.173996e-06
1.000000e-02  1.000000e+00  1.000000e-10  1.455459e+02  1.000000e-06  2.175076e-06
1.000000e-02  1.000000e+00  1.000000e-10  1.465548e+02  1.000000e-06  2.167202e-06
1.000000e-02  1.000000e+00  1.000000e-10  1.475707e+02  1.000000e-06  2.168290e-06
1.000000e-02  1.000000e+00  1.000000e-10  1.485936e+02  1.000000e-06  2.166540e-06
1.000000e-02  1.000000e+00  1.000000e-10  1.496236e+02  1.000000e-06  2.167642e-06
1.000000e-02  1.000000e+00  1.000000e-10  1.506607e+02  1.000000e-06  2.159845e-06
1.000000e-02  1.000000e+00  1.000000e-10  1.517050e+02  1.000000e-06  2.160955e-06
1.000000e-02  1.000000e+00  1.000000e-10  1.527566e+02  1.000000e-06  2.159286e-06
1.000000e-02  1.000000e+00  1.000000e-10  1.538155e+02  1.000000e-06  2.154320e-06
1.000000e-02  1.000000e+00  1.000000e-10  1.548817e+02  1.000000e-06  2.152689e-06
1.000000e-02  1.000000e+00  1.000000e-10  1.559553e+02  1.000000e-06  2.153820e-06
1.000000e-02  1.000000e+00  1.000000e-10  1.570363e+02  1.000000e-06  2.146143e-06
1.000000e-02  1.000000e+00  1.000000e-10  1.581248e+02  1.000000e-06  2.147281e-06
1.000000e-02  1.000000e+00  1.000000e-10  1.592209e+02  1.000000e-06  2.145729e-06
1.000000e-02  1.000000e+00  1.000000e-10  1.603245e+02  1.000000e-06  2.140794e-06
1.000000e-02  1.000000e+00  1.000000e-10  1.614359e+02  1.000000e-06  2.139277e-06
1.000000e-02  1.000000e+00  1.000000e-10  1.625549e+02  1.000000e-06  2.140436e-06
1.000000e-02  1.000000e+00  1.000000e-10  1.636817e+02  1.000000e-06  2.132876e-06
1.000000e-02  1.000000e+00  1.000000e-10  1.648162e+02  1.000000e-06  2.134042e-06
1.000000e-02  1.000000e+00  1.000000e-10  1.659587e+02  1.000000e-06  2.132603e-06
1.000000e-02  1.000000e+00  1.000000e-10  1.671091e+02  1.000000e-06  2.133781e-06
1.000000e-02  1.000000e+00  1.000000e-10  1.682674e+02  1.000000e-06  2.126293e-06
1.000000e-02  1.000000e+00  1.000000e-10  1.694338e+02  1.000000e-06  2.127479e-06
1.000000e-02  1.000000e+00  1.000000e-10  1.706082e+02  1.000000e-06  2.126115e-06
1.000000e-02  1.000000e+00  1.000000e-10  1.717908e+02  1.000000e-06  2.121225e-06
1.000000e-02  1.000000e+00  1.000000e-10  1.729816e+02  1.000000e-06  2.119894e-06
1.000000e-02  1.000000e+00  1.000000e-10  1.741807e+02  1.000000e-06  2.121100e-06
1.000000e-02  1.000000e+00  1.000000e-10  1.753881e+02  1.000000e-06  2.113722e-06
1.000000e-02  1.000000e+00  1.000000e-10  1.766038e+02  1.000000e-06  2.114934e-06
1.000000e-02  1.000000e+00  1.000000e-10  1.778279e+02  1.000000e-06  2.113677e-06
1.000000e-02  1.000000e+00  1.000000e-10  1.790606e+02  1.000000e-06  2.108816e-06
1.000000e-02  1.000000e+00  1.000000e-10  1.803018e+02  1.000000e-06  2.107592e-06
1.000000e-02  1.000000e+00  1.000000e-10  1.815516e+02  1.000000e-06  2.108823e-06
1.000000e-02  1.000000e+00  1.000000e-10  1.828100e+02  1.000000e-06  2.107638e-06
1.000000e-02  1.000000e+00  1.000000e-10  1.840772e+02  1.000000e-06  2.102790e-06
1.000000e-02  1.000000e+00  1.000000e-10  1.853532e+02  1.000000e-06  2.101637e-06
1.000000e-02  1.000000e+00  1.000000e-10  1.866380e+02  1.000000e-06  2.102886e-06
1.000000e-02  1.000000e+00  1.000000e-10  1.879317e+02  1.000000e-06  2.095683e-06
1.000000e-02  1.000000e+00  1.000000e-10  1.892344e+02  1.000000e-06  2.096938e-06
1.000000e-02  1.000000e+00  1.000000e-10  1.905461e+02  1.000000e-06  2.095855e-06
1.000000e-02  1.000000e+00  1.000000e-10  1.918669e+02  1.000000e-06  2.091035e-06
1.000000e-02  1.000000e+00  1.000000e-10  1.931968e+02  1.000000e-06  2.089983e-06
1.000000e-02  1.000000e+00  1.000000e-10  1.945360e+02  1.000000e-06  2.091256e-06
1.000000e-02  1.000000e+00  1.000000e-10  1.958845e+02  1.000000e-06  2.084155e-06
1.000000e-02  1.000000e+00  1.000000e-10  1.972423e+02  1.000000e-06  2.085434e-06
1.000000e-02  1.000000e+00  1.000000e-10  1.986095e+02  1.000000e-06  2.084449e-06
1.000000e-02  1.000000e+00  1.000000e-10  1.999862e+02  1.000000e-06  2.085740e-06
1.000000e-02  1.000000e+00  1.000000e-10  2.013724e+02  1.000000e-06  2.078701e-06
1.000000e-02  1.000000e+00  1.000000e-10  2.027683e+02  1.000000e-06  2.079997e-06
1.000000e-02  1.000000e+00  1.000000e-10  2.041738e+02  1.000000e-06  2.079080e-06
1.000000e-02  1.000000e+00  1.000000e-10  2.055891e+02  1.000000e-06  2.074298e-06
1.000000e-02  1.000000e+00  1.000000e-10  2.070141e+02  1.000000e-06  2.073410e-06
1.000000e-02  1.000000e+00  1.000000e-10  2.084491e+02  1.000000e-06  2.074723e-06
1.000000e-02  1.000000e+00  1.000000e-10  2.098940e+02  1.000000e-06  2.067782e-06
1.000000e-02  1.000000e+00  1.000000e-10  2.113489e+02  1.000000e-06  2.069100e-06
1.000000e-02  1.000000e+00  1.000000e-10  2.128139e+02  1.000000e-06  2.068276e-06
1.000000e-02  1.000000e+00  1.000000e-10  2.142891e+02  1.000000e-06  2.063519e-06
1.000000e-02  1.000000e+00  1.000000e-10  2.157744e+02  1.000000e-06  2.062724e-06
1.000000e-02  1.000000e+00  1.000000e-10  2.172701e+02  1.000000e-06  2.064059e-06
1.000000e-02  1.000000e+00  1.000000e-10  2.187762e+02  1.000000e-06  2.063298e-06
1.000000e-02  1.000000e+00  1.000000e-10  2.202926e+02  1.000000e-06  2.058553e-06
1.000000e-02  1.000000e+00  1.000000e-10  2.218196e+02  1.000000e-06  2.057820e-06
1.000000e-02  1.000000e+00  1.000000e-10  2.233572e+02  1.000000e-06  2.059171e-06
1.000000e-02  1.000000e+00  1.000000e-10  2.249055e+02  1.000000e-06  2.052382e-06
1.000000e-02  1.000000e+00  1.000000e-10  2.264644e+02  1.000000e-06  2.053738e-06
1.000000e-02  1.000000e+00  1.000000e-10  2.280342e+02  1.000000e-06  2.053066e-06
1.000000e-02  1.000000e+00  1.000000e-10  2.296149e+02  1.000000e-06  2.048344e-06
1.000000e-02  1.000000e+00  1.000000e-10  2.312065e+02  1.000000e-06  2.047700e-06
1.000000e-02  1.000000e+00  1.000000e-10  2.328091e+02  1.000000e-06  2.049071e-06
1.000000e-02  1.000000e+00  1.000000e-10  2.344229e+02  1.000000e-06  2.042372e-06
1.000000e-02  1.000000e+00  1.000000e-10  2.360478e+02  1.000000e-06  2.043748e-06
1.000000e-02  1.000000e+00  1.000000e-10  2.376840e+02  1.000000e-06  2.043163e-06
1.000000e-02  1.000000e+00  1.000000e-10  2.393316e+02  1.000000e-06  2.038464e-06
1.000000e-02  1.000000e+00  1.000000e-10  2.409905e+02  1.000000e-06  2.037905e-06
1.000000e-02  1.000000e+00  1.000000e-10  2.426610e+02  1.000000e-06  2.037370e-06
1.000000e-02  1.000000e+00  1.000000e-10  2.443431e+02  1.000000e-06  2.038769e-06
1.000000e-02  1.000000e+00  1.000000e-10  2.460368e+02  1.000000e-06  2.032176e-06
1.000000e-02  1.000000e+00  1.000000e-10  2.477422e+02  1.000000e-06  2.033578e-06
1.000000e-02  1.000000e+00  1.000000e-10  2.494595e+02  1.000000e-06  2.033101e-06
1.000000e-02  1.000000e+00  1.000000e-10  2.511886e+02  1.000000e-06  2.028425e-06
1.000000e-02  1.000000e+00  1.000000e-10  2.529298e+02  1.000000e-06  2.027973e-06
1.000000e-02  1.000000e+00  1.000000e-10  2.546830e+02  1.000000e-06  2.029390e-06
1.000000e-02  1.000000e+00  1.000000e-10  2.564484e+02  1.000000e-06  2.022881e-06
1.000000e-02  1.000000e+00  1.000000e-10  2.582260e+02  1.000000e-06  2.024302e-06
1.000000e-02  1.000000e+00  1.000000e-10  2.600160e+02  1.000000e-06  2.023905e-06
1.000000e-02  1.000000e+00  1.000000e-10  2.618183e+02  1.000000e-06  2.019250e-06
1.000000e-02  1.000000e+00  1.000000e-10  2.636331e+02  1.000000e-06  2.018877e-06
1.000000e-02  1.000000e+00  1.000000e-10  2.654606e+02  1.000000e-06  2.020312e-06
1.000000e-02  1.000000e+00  1.000000e-10  2.673006e+02  1.000000e-06  2.019970e-06
1.000000e-02  1.000000e+00  1.000000e-10  2.691535e+02  1.000000e-06  2.015324e-06
1.000000e-02  1.000000e+00  1.000000e-10  2.710192e+02  1.000000e-06  2.015005e-06
1.000000e-02  1.000000e+00  1.000000e-10  2.728978e+02  1.000000e-06  2.016454e-06
1.000000e-02  1.000000e+00  1.000000e-10  2.747894e+02  1.000000e-06  2.010075e-06
1.000000e-02  1.000000e+00  1.000000e-10  2.766942e+02  1.000000e-06  2.011527e-06
1.000000e-02  1.000000e+00  1.000000e-10  2.786121e+02  1.000000e-06  2.011261e-06
1.000000e-02  1.000000e+00  1.000000e-10  2.805434e+02  1.000000e-06  2.006635e-06
1.000000e-02  1.000000e+00  1.000000e-10  2.824880e+02  1.000000e-06  2.006391e-06
1.000000e-02  1.000000e+00  1.000000e-10  2.844461e+02  1.000000e-06  2.007857e-06
1.000000e-02  1.000000e+00  1.000000e-10  2.864178e+02  1.000000e-06  2.001556e-06
1.000000e-02  1.000000e+00  1.000000e-10  2.884032e+02  1.000000e-06  2.003025e-06
1.000000e-02  1.000000e+00  1.000000e-10  2.904023e+02  1.000000e-06  2.002832e-06
1.000000e-02  1.000000e+00  1.000000e-10  2.924152e+02  1.000000e-06  2.004311e-06
1.000000e-02  1.000000e+00  1.000000e-10  2.944422e+02  1.000000e-06  1.998055e-06
1.000000e-02  1.000000e+00  1.000000e-10  2.964831e+02  1.000000e-06  1.997906e-06
1.000000e-02  1.000000e+00  1.000000e-10  2.985383e+02  1.000000e-06  1.999394e-06
1.000000e-02  1.000000e+00  1.000000e-10  3.006076e+02  1.000000e-06  1.993183e-06
1.000000e-02  1.000000e+00  1.000000e-10  3.026913e+02  1.000000e-06  1.994674e-06
1.000000e-02  1.000000e+00  1.000000e-10  3.047895e+02  1.000000e-06  1.994574e-06
1.000000e-02  1.000000e+00  1.000000e-10  3.069022e+02  1.000000e-06  1.989987e-06
1.000000e-02  1.000000e+00  1.000000e-10  3.090295e+02  1.000000e-06  1.989907e-06
1.000000e-02  1.000000e+00  1.000000e-10  3.111716e+02  1.000000e-06  1.991411e-06
1.000000e-02  1.000000e+00  1.000000e-10  3.133286e+02  1.000000e-06  1.985272e-06
1.000000e-02  1.000000e+00  1.000000e-10  3.155005e+02  1.000000e-06  1.986779e-06
1.000000e-02  1.000000e+00  1.000000e-10  3.176874e+02  1.000000e-06  1.986747e-06
1.000000e-02  1.000000e+00  1.000000e-10  3.198895e+02  1.000000e-06  1.982178e-06
1.000000e-02  1.000000e+00  1.000000e-10  3.221069e+02  1.000000e-06  1.982166e-06
1.000000e-02  1.000000e+00  1.000000e-10  3.243396e+02  1.000000e-06  1.983685e-06
1.000000e-02  1.000000e+00  1.000000e-10  3.265878e+02  1.000000e-06  1.983700e-06
1.000000e-02  1.000000e+00  1.000000e-10  3.288516e+02  1.000000e-06  1.979137e-06
1.000000e-02  1.000000e+00  1.000000e-10  3.311311e+02  1.000000e-06  1.979172e-06
1.000000e-02  1.000000e+00  1.000000e-10  3.334264e+02  1.000000e-06  1.980702e-06
1.000000e-02  1.000000e+00  1.000000e-10  3.357376e+02  1.000000e-06  1.974674e-06
1.000000e-02  1.000000e+00  1.000000e-10  3.380648e+02  1.000000e-06  1.976207e-06
1.000000e-02  1.000000e+00  1.000000e-10  3.404082e+02  1.000000e-06  1.976286e-06
1.000000e-02  1.000000e+00  1.000000e-10  3.427678e+02  1.000000e-06  1.971741e-06
1.000000e-02  1.000000e+00  1.000000e-10  3.451437e+02  1.000000e-06  1.971839e-06
1.000000e-02  1.000000e+00  1.000000e-10  3.475362e+02  1.000000e-06  1.971957e-06
1.000000e-02  1.000000e+00  1.000000e-10  3.499452e+02  1.000000e-06  1.967421e-06
1.000000e-02  1.000000e+00  1.000000e-10  3.523709e+02  1.000000e-06  1.967557e-06
1.000000e-02  1.000000e+00  1.000000e-10  3.548134e+02  1.000000e-06  1.969110e-06
1.000000e-02  1.000000e+00  1.000000e-10  3.572728e+02  1.000000e-06  1.969271e-06
1.000000e-02  1.000000e+00  1.000000e-10  3.597493e+02  1.000000e-06  1.964742e-06
1.000000e-02  1.000000e+00  1.000000e-10  3.622430e+02  1.000000e-06  1.964921e-06
1.000000e-02  1.000000e+00  1.000000e-10  3.647539e+02  1.000000e-06  1.966484e-06
1.000000e-02  1.000000e+00  1.000000e-10  3.672823e+02  1.000000e-06  1.960598e-06
1.000000e-02  1.000000e+00  1.000000e-10  3.698282e+02  1.000000e-06  1.962164e-06
1.000000e-02  1.000000e+00  1.000000e-10  3.723917e+02  1.000000e-06  1.962385e-06
1.000000e-02  1.000000e+00  1.000000e-10  3.749730e+02  1.000000e-06  1.957871e-06
1.000000e-02  1.000000e+00  1.000000e-10  3.775722e+02  1.000000e-06  1.958110e-06
1.000000e-02  1.000000e+00  1.000000e-10  3.801894e+02  1.000000e-06  1.959686e-06
1.000000e-02  1.000000e+00  1.000000e-10  3.828247e+02  1.000000e-06  1.953862e-06
1.000000e-02  1.000000e+00  1.000000e-10  3.854784e+02  1.000000e-06  1.955440e-06
1.000000e-02  1.000000e+00  1.000000e-10  3.881504e+02  1.000000e-06  1.955719e-06
1.000000e-02  1.000000e+00  1.000000e-10  3.908409e+02  1.000000e-06  1.957305e-06
1.000000e-02  1.000000e+00  1.000000e-10  3.935501e+02  1.000000e-06  1.951516e-06
1.000000e-02  1.000000e+00  1.000000e-10  3.962780e+02  1.000000e-06  1.951829e-06
1.000000e-02  1.000000e+00  1.000000e-10  3.990249e+02  1.000000e-06  1.953423e-06
1.000000e-02  1.000000e+00  1.000000e-10  4.017908e+02  1.000000e-06  1.947669e-06
1.000000e-02  1.000000e+00  1.000000e-10  4.045759e+02  1.000000e-06  1.949265e-06
1.000000e-02  1.000000e+00  1.000000e-10  4.073803e+02  1.000000e-06  1.949617e-06
1.000000e-02  1.000000e+00  1.000000e-10  4.102041e+02  1.000000e-06  1.945133e-06
1.000000e-02  1.000000e+00  1.000000e-10  4.130475e+02  1.000000e-06  1.945501e-06
1.000000e-02  1.000000e+00  1.000000e-10  4.159106e+02  1.000000e-06  1.947107e-06
1.000000e-02  1.000000e+00  1.000000e-10  4.187936e+02  1.000000e-06  1.941410e-06
1.000000e-02  1.000000e+00  1.000000e-10  4.216965e+02  1.000000e-06  1.943018e-06
1.000000e-02  1.000000e+00  1.000000e-10  4.246196e+02  1.000000e-06  1.943423e-06
1.000000e-02  1.000000e+00  1.000000e-10  4.275629e+02  1.000000e-06  1.945039e-06
1.000000e-02  1.000000e+00  1.000000e-10  4.305266e+02  1.000000e-06  1.939374e-06
1.000000e-02  1.000000e+00  1.000000e-10  4.335109e+02  1.000000e-06  1.940991e-06
1.000000e-02  1.000000e+00  1.000000e-10  4.365158e+02  1.000000e-06  1.941434e-06
1.000000e-02  1.000000e+00  1.000000e-10  4.395416e+02  1.000000e-06  1.936969e-06
1.000000e-02  1.000000e+00  1.000000e-10  4.425884e+02  1.000000e-06  1.937426e-06
1.000000e-02  1.000000e+00  1.000000e-10  4.456562e+02  1.000000e-06  1.937899e-06
1.000000e-02  1.000000e+00  1.000000e-10  4.487454e+02  1.000000e-06  1.933442e-06
1.000000e-02  1.000000e+00  1.000000e-10  4.518559e+02  1.000000e-06  1.933930e-06
1.000000e-02  1.000000e+00  1.000000e-10  4.549881e+02  1.000000e-06  1.935563e-06
1.000000e-02  1.000000e+00  1.000000e-10  4.581419e+02  1.000000e-06  1.929984e-06
1.000000e-02  1.000000e+00  1.000000e-10  4.613176e+02  1.000000e-06  1.931619e-06
1.000000e-02  1.000000e+00  1.000000e-10  4.645153e+02  1.000000e-06  1.932142e-06
1.000000e-02  1.000000e+00  1.000000e-10  4.677351e+02  1.000000e-06  1.927698e-06
1.000000e-02  1.000000e+00  1.000000e-10  4.709773e+02  1.000000e-06  1.928235e-06
1.000000e-02  1.000000e+00  1.000000e-10  4.742420e+02  1.000000e-06  1.929878e-06
1.000000e-02  1.000000e+00  1.000000e-10  4.775293e+02  1.000000e-06  1.930435e-06
1.000000e-02  1.000000e+00  1.000000e-10  4.808393e+02  1.000000e-06  1.925995e-06
1.000000e-02  1.000000e+00  1.000000e-10  4.841724e+02  1.000000e-06  1.926566e-06
1.000000e-02  1.000000e+00  1.000000e-10  4.875285e+02  1.000000e-06  1.928217e-06
1.000000e-02  1.000000e+00  1.000000e-10  4.909079e+02  1.000000e-06  1.922719e-06
1.000000e-02  1.000000e+00  1.000000e-10  4.943107e+02  1.000000e-06  1.924372e-06
1.000000e-02  1.000000e+00  1.000000e-10  4.977371e+02  1.000000e-06  1.924976e-06
1.000000e-02  1.000000e+00  1.000000e-10  5.011872e+02  1.000000e-06  1.919507e-06
1.000000e-02  1.000000e+00  1.000000e-10  5.046613e+02  1.000000e-06  1.921166e-06
1.000000e-02  1.000000e+00  1.000000e-10  5.081594e+02  1.000000e-06  1.921797e-06
1.000000e-02  1.000000e+00  1.000000e-10  5.116818e+02  1.000000e-06  1.917377e-06
1.000000e-02  1.000000e+00  1.000000e-10  5.152286e+02  1.000000e-06  1.918022e-06
1.000000e-02  1.000000e+00  1.000000e-10  5.188000e+02  1.000000e-06  1.919688e-06
1.000000e-02  1.000000e+00  1.000000e-10  5.223962e+02  1.000000e-06  1.920352e-06
1.000000e-02  1.000000e+00  1.000000e-10  5.260173e+02  1.000000e-06  1.915935e-06
1.000000e-02  1.000000e+00  1.000000e-10  5.296634e+02  1.000000e-06  1.916611e-06
1.000000e-02  1.000000e+00  1.000000e-10  5.333349e+02  1.000000e-06  1.918286e-06
1.000000e-02  1.000000e+00  1.000000e-10  5.370318e+02  1.000000e-06  1.912891e-06
1.000000e-02  1.000000e+00  1.000000e-10  5.407543e+02  1.000000e-06  1.914567e-06
1.000000e-02  1.000000e+00  1.000000e-10  5.445027e+02  1.000000e-06  1.915273e-06
1.000000e-02  1.000000e+00  1.000000e-10  5.482770e+02  1.000000e-06  1.910868e-06
1.000000e-02  1.000000e+00  1.000000e-10  5.520774e+02  1.000000e-06  1.911587e-06
1.000000e-02  1.000000e+00  1.000000e-10  5.559043e+02  1.000000e-06  1.912319e-06
1.000000e-02  1.000000e+00  1.000000e-10  5.597576e+02  1.000000e-06  1.907921e-06
1.000000e-02  1.000000e+00  1.000000e-10  5.636377e+02  1.000000e-06  1.908664e-06
1.000000e-02  1.000000e+00  1.000000e-10  5.675446e+02  1.000000e-06  1.910353e-06
1.000000e-02  1.000000e+00  1.000000e-10  5.714786e+02  1.000000e-06  1.911115e-06
1.000000e-02  1.000000e+00  1.000000e-10  5.754399e+02  1.000000e-06  1.906719e-06
1.000000e-02  1.000000e+00  1.000000e-10  5.794287e+02  1.000000e-06  1.907492e-06
1.000000e-02  1.000000e+00  1.000000e-10  5.834451e+02  1.000000e-06  1.909188e-06
1.000000e-02  1.000000e+00  1.000000e-10  5.874894e+02  1.000000e-06  1.903889e-06
1.000000e-02  1.000000e+00  1.000000e-10  5.915616e+02  1.000000e-06  1.905586e-06
1.000000e-02  1.000000e+00  1.000000e-10  5.956621e+02  1.000000e-06  1.906387e-06
1.000000e-02  1.000000e+00  1.000000e-10  5.997911e+02  1.000000e-06  1.902003e-06
1.000000e-02  1.000000e+00  1.000000e-10  6.039486e+02  1.000000e-06  1.902815e-06
1.000000e-02  1.000000e+00  1.000000e-10  6.081350e+02  1.000000e-06  1.903640e-06
1.000000e-02  1.000000e+00  1.000000e-10  6.123504e+02  1.000000e-06  1.899262e-06
1.000000e-02  1.000000e+00  1.000000e-10  6.165950e+02  1.000000e-06  1.900097e-06
1.000000e-02  1.000000e+00  1.000000e-10  6.208690e+02  1.000000e-06  1.901806e-06
1.000000e-02  1.000000e+00  1.000000e-10  6.251727e+02  1.000000e-06  1.902659e-06
1.000000e-02  1.000000e+00  1.000000e-10  6.295062e+02  1.000000e-06  1.898283e-06
1.000000e-02  1.000000e+00  1.000000e-10  6.338697e+02  1.000000e-06  1.899145e-06
1.000000e-02  1.000000e+00  1.000000e-10  6.382635e+02  1.000000e-06  1.900861e-06
1.000000e-02  1.000000e+00  1.000000e-10  6.426877e+02  1.000000e-06  1.895650e-06
1.000000e-02  1.000000e+00  1.000000e-10  6.471426e+02  1.000000e-06  1.897366e-06
1.000000e-02  1.000000e+00  1.000000e-10  6.516284e+02  1.000000e-06  1.898255e-06
1.000000e-02  1.000000e+00  1.000000e-10  6.561453e+02  1.000000e-06  1.893889e-06
1.000000e-02  1.000000e+00  1.000000e-10  6.606934e+02  1.000000e-06  1.894788e-06
1.000000e-02  1.000000e+00  1.000000e-10  6.652732e+02  1.000000e-06  1.896511e-06
1.000000e-02  1.000000e+00  1.000000e-10  6.698846e+02  1.000000e-06  1.891339e-06
1.000000e-02  1.000000e+00  1.000000e-10  6.745280e+02  1.000000e-06  1.892259e-06
1.000000e-02  1.000000e+00  1.000000e-10  6.792036e+02  1.000000e-06  1.893987e-06
1.000000e-02  1.000000e+00  1.000000e-10  6.839116e+02  1.000000e-06  1.888837e-06
1.000000e-02  1.000000e+00  1.000000e-10  6.886523e+02  1.000000e-06  1.890565e-06
1.000000e-02  1.000000e+00  1.000000e-10  6.934258e+02  1.000000e-06  1.891510e-06
1.000000e-02  1.000000e+00  1.000000e-10  6.982324e+02  1.000000e-06  1.893244e-06
1.000000e-02  1.000000e+00  1.000000e-10  7.030723e+02  1.000000e-06  1.888114e-06
1.000000e-02  1.000000e+00  1.000000e-10  7.079458e+02  1.000000e-06  1.889848e-06
1.000000e-02  1.000000e+00  1.000000e-10  7.128530e+02  1.000000e-06  1.890818e-06
1.000000e-02  1.000000e+00  1.000000e-10  7.177943e+02  1.000000e-06  1.886469e-06
1.000000e-02  1.000000e+00  1.000000e-10  7.227698e+02  1.000000e-06  1.887448e-06
1.000000e-02  1.000000e+00  1.000000e-10  7.277798e+02  1.000000e-06  1.889189e-06
1.000000e-02  1.000000e+00  1.000000e-10  7.328245e+02  1.000000e-06  1.884095e-06
1.000000e-02  1.000000e+00  1.000000e-10  7.379042e+02  1.000000e-06  1.885093e-06
1.000000e-02  1.000000e+00  1.000000e-10  7.430191e+02  1.000000e-06  1.886838e-06
1.000000e-02  1.000000e+00  1.000000e-10  7.481695e+02  1.000000e-06  1.881765e-06
1.000000e-02  1.000000e+00  1.000000e-10  7.533556e+02  1.000000e-06  1.883509e-06
1.000000e-02  1.000000e+00  1.000000e-10  7.585776e+02  1.000000e-06  1.884531e-06
1.000000e-02  1.000000e+00  1.000000e-10  7.638358e+02  1.000000e-06  1.886281e-06
1.000000e-02  1.000000e+00  1.000000e-10  7.691304e+02  1.000000e-06  1.881227e-06
1.000000e-02  1.000000e+00  1.000000e-10  7.744618e+02  1.000000e-06  1.882977e-06
1.000000e-02  1.000000e+00  1.000000e-10  7.798301e+02  1.000000e-06  1.884022e-06
1.000000e-02  1.000000e+00  1.000000e-10  7.852356e+02  1.000000e-06  1.879689e-06
1.000000e-02  1.000000e+00  1.000000e-10  7.906786e+02  1.000000e-06  1.880741e-06
1.000000e-02  1.000000e+00  1.000000e-10  7.961594e+02  1.000000e-06  1.882497e-06
1.000000e-02  1.000000e+00  1.000000e-10  8.016781e+02  1.000000e-06  1.877476e-06
1.000000e-02  1.000000e+00  1.000000e-10  8.072350e+02  1.000000e-06  1.878547e-06
1.000000e-02  1.000000e+00  1.000000e-10  8.128305e+02  1.000000e-06  1.880307e-06
1.000000e-02  1.000000e+00  1.000000e-10  8.184648e+02  1.000000e-06  1.875305e-06
1.000000e-02  1.000000e+00  1.000000e-10  8.241381e+02  1.000000e-06  1.877065e-06
1.000000e-02  1.000000e+00  1.000000e-10  8.298508e+02  1.000000e-06  1.878157e-06
1.000000e-02  1.000000e+00  1.000000e-10  8.356030e+02  1.000000e-06  1.879922e-06
1.000000e-02  1.000000e+00  1.000000e-10  8.413951e+02  1.000000e-06  1.874937e-06
1.000000e-02  1.000000e+00  1.000000e-10  8.472274e+02  1.000000e-06  1.876702e-06
1.000000e-02  1.000000e+00  1.000000e-10  8.531001e+02  1.000000e-06  1.877816e-06
1.000000e-02  1.000000e+00  1.000000e-10  8.590135e+02  1.000000e-06  1.873497e-06
1.000000e-02  1.000000e+00  1.000000e-10  8.649679e+02  1.000000e-06  1.874618e-06
1.000000e-02  1.000000e+00  1.000000e-10  8.709636e+02  1.000000e-06  1.875748e-06
1.000000e-02  1.000000e+00  1.000000e-10  8.770008e+02  1.000000e-06  1.871434e-06
1.000000e-02  1.000000e+00  1.000000e-10  8.830799e+02  1.000000e-06  1.872571e-06
1.000000e-02  1.000000e+00  1.000000e-10  8.892011e+02  1.000000e-06  1.874345e-06
1.000000e-02  1.000000e+00  1.000000e-10  8.953648e+02  1.000000e-06  1.869409e-06
1.000000e-02  1.000000e+00  1.000000e-10  9.015711e+02  1.000000e-06  1.871182e-06
1.000000e-02  1.000000e+00  1.000000e-10  9.078205e+02  1.000000e-06  1.872340e-06
1.000000e-02  1.000000e+00  1.000000e-10  9.141132e+02  1.000000e-06  1.868033e-06
1.000000e-02  1.000000e+00  1.000000e-10  9.204496e+02  1.000000e-06  1.869197e-06
1.000000e-02  1.000000e+00  1.000000e-10  9.268298e+02  1.000000e-06  1.870976e-06
1.000000e-02  1.000000e+00  1.000000e-10  9.332543e+02  1.000000e-06  1.872153e-06
1.000000e-02  1.000000e+00  1.000000e-10  9.397233e+02  1.000000e-06  1.867847e-06
1.000000e-02  1.000000e+00  1.000000e-10  9.462372e+02  1.000000e-06  1.869031e-06
1.000000e-02  1.000000e+00  1.000000e-10  9.527962e+02  1.000000e-06  1.870223e-06
1.000000e-02  1.000000e+00  1.000000e-10  9.594006e+02  1.000000e-06  1.865922e-06
1.000000e-02  1.000000e+00  1.000000e-10  9.660509e+02  1.000000e-06  1.867121e-06
1.000000e-02  1.000000e+00  1.000000e-10  9.727472e+02  1.000000e-06  1.868907e-06
1.000000e-02  1.000000e+00  1.000000e-10  9.794900e+02  1.000000e-06  1.864031e-06
1.000000e-02  1.000000e+00  1.000000e-10  9.862795e+02  1.000000e-06  1.865818e-06
1.000000e-02  1.000000e+00  1.000000e-10  9.931160e+02  1.000000e-06  1.867035e-06
