% Date and time of this run: 10-Feb-2005 00:18:25
% %%%%%%%%%%%%%%%%%%%%%%%%%%%%%%%%%%%%%%%%%%%%%%%%%%%%%%%%%%%%%%%
%error bar	freq (Hz)	sens integrand
3.533831e-04	5.000000e+01	1.159155e+03
3.533831e-04	5.025000e+01	1.358073e+03
3.533831e-04	5.050000e+01	1.617288e+03
3.533831e-04	5.075000e+01	1.763990e+03
3.533831e-04	5.100000e+01	1.452395e+03
3.533831e-04	5.125000e+01	1.477414e+03
3.533831e-04	5.150000e+01	1.579629e+03
3.533831e-04	5.175000e+01	1.269499e+03
3.533831e-04	5.200000e+01	2.520875e+01
3.533831e-04	5.225000e+01	3.494369e+00
3.533831e-04	5.250000e+01	7.488190e+00
3.533831e-04	5.275000e+01	0.000000e+00
3.533831e-04	5.300000e+01	1.057225e+03
3.533831e-04	5.325000e+01	1.201703e+03
3.533831e-04	5.350000e+01	1.986049e+03
3.533831e-04	5.375000e+01	2.424206e+03
3.533831e-04	5.400000e+01	2.886034e+03
3.533831e-04	5.425000e+01	3.139321e+03
3.533831e-04	5.450000e+01	3.259353e+03
3.533831e-04	5.475000e+01	3.404779e+03
3.533831e-04	5.500000e+01	3.390021e+03
3.533831e-04	5.525000e+01	2.830675e+03
3.533831e-04	5.550000e+01	2.754661e+03
3.533831e-04	5.575000e+01	3.160220e+03
3.533831e-04	5.600000e+01	3.829690e+03
3.533831e-04	5.625000e+01	4.206959e+03
3.533831e-04	5.650000e+01	4.142671e+03
3.533831e-04	5.675000e+01	3.541396e+03
3.533831e-04	5.700000e+01	3.519560e+03
3.533831e-04	5.725000e+01	3.603805e+03
3.533831e-04	5.750000e+01	3.167838e+03
3.533831e-04	5.775000e+01	2.122084e+03
3.533831e-04	5.800000e+01	2.020664e+03
3.533831e-04	5.825000e+01	2.631641e+03
3.533831e-04	5.850000e+01	2.269083e+03
3.533831e-04	5.875000e+01	1.505346e+03
3.533831e-04	5.900000e+01	1.065671e+03
3.533831e-04	5.925000e+01	8.229305e+02
3.533831e-04	5.950000e+01	5.039796e+02
3.533831e-04	5.975000e+01	5.661657e-01
3.533831e-04	6.000000e+01	0.000000e+00
3.533831e-04	6.025000e+01	4.816276e-01
3.533831e-04	6.050000e+01	8.901908e+02
3.533831e-04	6.075000e+01	8.859272e+02
3.533831e-04	6.100000e+01	6.873687e+02
3.533831e-04	6.125000e+01	8.208023e+02
3.533831e-04	6.150000e+01	1.054027e+03
3.533831e-04	6.175000e+01	1.083209e+03
3.533831e-04	6.200000e+01	6.823466e+02
3.533831e-04	6.225000e+01	6.200133e+02
3.533831e-04	6.250000e+01	8.102609e+02
3.533831e-04	6.275000e+01	6.724121e+02
3.533831e-04	6.300000e+01	4.401917e+02
3.533831e-04	6.325000e+01	2.865006e+02
3.533831e-04	6.350000e+01	2.135724e+02
3.533831e-04	6.375000e+01	9.939927e+01
3.533831e-04	6.400000e+01	0.000000e+00
3.533831e-04	6.425000e+01	2.699242e+00
3.533831e-04	6.450000e+01	7.410010e+00
3.533831e-04	6.475000e+01	5.844667e+01
3.533831e-04	6.500000e+01	1.394670e+02
3.533831e-04	6.525000e+01	3.064620e+02
3.533831e-04	6.550000e+01	5.755821e+02
3.533831e-04	6.575000e+01	9.037130e+02
3.533831e-04	6.600000e+01	1.286533e+03
3.533831e-04	6.625000e+01	1.701037e+03
3.533831e-04	6.650000e+01	2.316687e+03
3.533831e-04	6.675000e+01	3.087827e+03
3.533831e-04	6.700000e+01	3.854249e+03
3.533831e-04	6.725000e+01	4.619147e+03
3.533831e-04	6.750000e+01	5.337902e+03
3.533831e-04	6.775000e+01	5.888068e+03
3.533831e-04	6.800000e+01	4.002671e+03
3.533831e-04	6.825000e+01	4.241928e+03
3.533831e-04	6.850000e+01	8.692904e+03
3.533831e-04	6.875000e+01	1.179809e+04
3.533831e-04	6.900000e+01	1.351296e+04
3.533831e-04	6.925000e+01	1.480878e+04
3.533831e-04	6.950000e+01	1.620392e+04
3.533831e-04	6.975000e+01	1.811620e+04
3.533831e-04	7.000000e+01	1.937410e+04
3.533831e-04	7.025000e+01	2.062922e+04
3.533831e-04	7.050000e+01	2.326580e+04
3.533831e-04	7.075000e+01	2.592355e+04
3.533831e-04	7.100000e+01	2.744586e+04
3.533831e-04	7.125000e+01	2.826892e+04
3.533831e-04	7.150000e+01	2.888507e+04
3.533831e-04	7.175000e+01	2.127819e+04
3.533831e-04	7.200000e+01	2.305428e+04
3.533831e-04	7.225000e+01	3.858055e+04
3.533831e-04	7.250000e+01	4.346614e+04
3.533831e-04	7.275000e+01	4.951197e+04
3.533831e-04	7.300000e+01	5.574022e+04
3.533831e-04	7.325000e+01	6.161131e+04
3.533831e-04	7.350000e+01	6.560088e+04
3.533831e-04	7.375000e+01	6.893430e+04
3.533831e-04	7.400000e+01	7.495985e+04
3.533831e-04	7.425000e+01	8.367495e+04
3.533831e-04	7.450000e+01	8.976834e+04
3.533831e-04	7.475000e+01	9.644137e+04
3.533831e-04	7.500000e+01	1.052121e+05
3.533831e-04	7.525000e+01	1.129596e+05
3.533831e-04	7.550000e+01	1.195446e+05
3.533831e-04	7.575000e+01	1.259224e+05
3.533831e-04	7.600000e+01	1.328437e+05
3.533831e-04	7.625000e+01	1.298556e+05
3.533831e-04	7.650000e+01	8.562019e+04
3.533831e-04	7.675000e+01	7.413403e+04
3.533831e-04	7.700000e+01	1.270453e+05
3.533831e-04	7.725000e+01	1.587760e+05
3.533831e-04	7.750000e+01	1.713236e+05
3.533831e-04	7.775000e+01	1.780162e+05
3.533831e-04	7.800000e+01	1.845772e+05
3.533831e-04	7.825000e+01	1.901629e+05
3.533831e-04	7.850000e+01	1.932004e+05
3.533831e-04	7.875000e+01	1.940605e+05
3.533831e-04	7.900000e+01	1.919499e+05
3.533831e-04	7.925000e+01	2.064029e+05
3.533831e-04	7.950000e+01	2.115102e+05
3.533831e-04	7.975000e+01	1.845321e+05
3.533831e-04	8.000000e+01	0.000000e+00
3.533831e-04	8.025000e+01	1.916312e+05
3.533831e-04	8.050000e+01	2.148748e+05
3.533831e-04	8.075000e+01	1.826754e+05
3.533831e-04	8.100000e+01	1.655768e+05
3.533831e-04	8.125000e+01	2.052472e+05
3.533831e-04	8.150000e+01	2.213159e+05
3.533831e-04	8.175000e+01	2.437672e+05
3.533831e-04	8.200000e+01	2.554498e+05
3.533831e-04	8.225000e+01	2.653846e+05
3.533831e-04	8.250000e+01	2.693033e+05
3.533831e-04	8.275000e+01	2.655405e+05
3.533831e-04	8.300000e+01	2.673730e+05
3.533831e-04	8.325000e+01	2.877286e+05
3.533831e-04	8.350000e+01	2.986424e+05
3.533831e-04	8.375000e+01	3.013792e+05
3.533831e-04	8.400000e+01	3.155572e+05
3.533831e-04	8.425000e+01	3.257111e+05
3.533831e-04	8.450000e+01	3.341402e+05
3.533831e-04	8.475000e+01	3.285540e+05
3.533831e-04	8.500000e+01	2.577540e+05
3.533831e-04	8.525000e+01	2.180978e+05
3.533831e-04	8.550000e+01	2.882862e+05
3.533831e-04	8.575000e+01	3.232196e+05
3.533831e-04	8.600000e+01	3.532565e+05
3.533831e-04	8.625000e+01	3.588635e+05
3.533831e-04	8.650000e+01	3.600814e+05
3.533831e-04	8.675000e+01	3.628257e+05
3.533831e-04	8.700000e+01	3.631423e+05
3.533831e-04	8.725000e+01	3.345348e+05
3.533831e-04	8.750000e+01	3.208815e+05
3.533831e-04	8.775000e+01	3.428073e+05
3.533831e-04	8.800000e+01	3.250371e+05
3.533831e-04	8.825000e+01	3.431073e+05
3.533831e-04	8.850000e+01	3.540887e+05
3.533831e-04	8.875000e+01	3.599157e+05
3.533831e-04	8.900000e+01	3.419405e+05
3.533831e-04	8.925000e+01	2.630121e+05
3.533831e-04	8.950000e+01	2.136171e+05
3.533831e-04	8.975000e+01	2.961083e+05
3.533831e-04	9.000000e+01	3.409347e+05
3.533831e-04	9.025000e+01	3.616459e+05
3.533831e-04	9.050000e+01	3.699695e+05
3.533831e-04	9.075000e+01	3.704391e+05
3.533831e-04	9.100000e+01	3.680448e+05
3.533831e-04	9.125000e+01	3.555277e+05
3.533831e-04	9.150000e+01	3.471624e+05
3.533831e-04	9.175000e+01	3.561885e+05
3.533831e-04	9.200000e+01	2.969698e+05
3.533831e-04	9.225000e+01	2.847582e+05
3.533831e-04	9.250000e+01	3.564734e+05
3.533831e-04	9.275000e+01	3.577689e+05
3.533831e-04	9.300000e+01	3.535076e+05
3.533831e-04	9.325000e+01	3.474980e+05
3.533831e-04	9.350000e+01	3.237776e+05
3.533831e-04	9.375000e+01	2.985280e+05
3.533831e-04	9.400000e+01	3.194868e+05
3.533831e-04	9.425000e+01	3.263917e+05
3.533831e-04	9.450000e+01	3.226276e+05
3.533831e-04	9.475000e+01	3.203227e+05
3.533831e-04	9.500000e+01	2.995901e+05
3.533831e-04	9.525000e+01	1.210269e+05
3.533831e-04	9.550000e+01	8.701400e+04
3.533831e-04	9.575000e+01	2.141439e+05
3.533831e-04	9.600000e+01	0.000000e+00
3.533831e-04	9.625000e+01	2.553630e+05
3.533831e-04	9.650000e+01	2.817326e+05
3.533831e-04	9.675000e+01	2.670410e+05
3.533831e-04	9.700000e+01	2.428700e+05
3.533831e-04	9.725000e+01	2.416345e+05
3.533831e-04	9.750000e+01	2.435606e+05
3.533831e-04	9.775000e+01	1.675889e+05
3.533831e-04	9.800000e+01	8.326044e+04
3.533831e-04	9.825000e+01	9.878624e+04
3.533831e-04	9.850000e+01	2.037087e+05
3.533831e-04	9.875000e+01	2.299576e+05
3.533831e-04	9.900000e+01	1.595654e+05
3.533831e-04	9.925000e+01	7.248225e+04
3.533831e-04	9.950000e+01	8.414247e+04
3.533831e-04	9.975000e+01	1.833863e+05
3.533831e-04	1.000000e+02	1.928300e+05
3.533831e-04	1.002500e+02	1.425027e+05
3.533831e-04	1.005000e+02	1.298211e+05
3.533831e-04	1.007500e+02	1.588598e+05
3.533831e-04	1.010000e+02	1.821131e+05
3.533831e-04	1.012500e+02	1.710953e+05
3.533831e-04	1.015000e+02	1.619515e+05
3.533831e-04	1.017500e+02	1.572114e+05
3.533831e-04	1.020000e+02	1.521820e+05
3.533831e-04	1.022500e+02	1.421569e+05
3.533831e-04	1.025000e+02	1.385358e+05
3.533831e-04	1.027500e+02	1.296694e+05
3.533831e-04	1.030000e+02	1.178620e+05
3.533831e-04	1.032500e+02	1.099306e+05
3.533831e-04	1.035000e+02	1.065407e+05
3.533831e-04	1.037500e+02	1.036884e+05
3.533831e-04	1.040000e+02	9.994443e+04
3.533831e-04	1.042500e+02	9.977342e+04
3.533831e-04	1.045000e+02	9.311079e+04
3.533831e-04	1.047500e+02	8.734154e+04
3.533831e-04	1.050000e+02	8.207281e+04
3.533831e-04	1.052500e+02	7.342965e+04
3.533831e-04	1.055000e+02	6.635554e+04
3.533831e-04	1.057500e+02	6.235956e+04
3.533831e-04	1.060000e+02	5.755377e+04
3.533831e-04	1.062500e+02	4.476087e+04
3.533831e-04	1.065000e+02	3.456730e+04
3.533831e-04	1.067500e+02	4.034932e+04
3.533831e-04	1.070000e+02	4.528957e+04
3.533831e-04	1.072500e+02	4.268689e+04
3.533831e-04	1.075000e+02	3.968276e+04
3.533831e-04	1.077500e+02	3.595414e+04
3.533831e-04	1.080000e+02	2.156431e+04
3.533831e-04	1.082500e+02	2.059269e+04
3.533831e-04	1.085000e+02	3.326313e+04
3.533831e-04	1.087500e+02	0.000000e+00
3.533831e-04	1.090000e+02	3.292122e+04
3.533831e-04	1.092500e+02	2.951766e+04
3.533831e-04	1.095000e+02	2.421358e+04
3.533831e-04	1.097500e+02	2.180606e+04
3.533831e-04	1.100000e+02	2.234475e+04
3.533831e-04	1.102500e+02	2.256393e+04
3.533831e-04	1.105000e+02	1.809545e+04
3.533831e-04	1.107500e+02	6.800022e+03
3.533831e-04	1.110000e+02	8.118160e+03
3.533831e-04	1.112500e+02	1.559620e+04
3.533831e-04	1.115000e+02	1.413358e+04
3.533831e-04	1.117500e+02	1.245553e+04
3.533831e-04	1.120000e+02	0.000000e+00
3.533831e-04	1.122500e+02	9.271571e+03
3.533831e-04	1.125000e+02	8.611495e+03
3.533831e-04	1.127500e+02	7.678779e+03
3.533831e-04	1.130000e+02	6.595493e+03
3.533831e-04	1.132500e+02	5.435238e+03
3.533831e-04	1.135000e+02	4.167651e+03
3.533831e-04	1.137500e+02	2.969897e+03
3.533831e-04	1.140000e+02	2.584138e+03
3.533831e-04	1.142500e+02	2.344588e+03
3.533831e-04	1.145000e+02	1.950052e+03
3.533831e-04	1.147500e+02	1.378062e+03
3.533831e-04	1.150000e+02	8.654990e+02
3.533831e-04	1.152500e+02	6.653835e+02
3.533831e-04	1.155000e+02	4.720131e+02
3.533831e-04	1.157500e+02	2.551200e+02
3.533831e-04	1.160000e+02	1.116707e+02
3.533831e-04	1.162500e+02	2.571864e+01
3.533831e-04	1.165000e+02	8.767268e-02
3.533831e-04	1.167500e+02	2.776815e+01
3.533831e-04	1.170000e+02	9.265579e+01
3.533831e-04	1.172500e+02	1.793296e+02
3.533831e-04	1.175000e+02	2.407428e+02
3.533831e-04	1.177500e+02	2.121369e+02
3.533831e-04	1.180000e+02	2.660093e+02
3.533831e-04	1.182500e+02	3.758229e+02
3.533831e-04	1.185000e+02	3.105572e+02
3.533831e-04	1.187500e+02	3.183269e+02
3.533831e-04	1.190000e+02	3.286422e+02
3.533831e-04	1.192500e+02	2.726737e+02
3.533831e-04	1.195000e+02	4.278298e+02
3.533831e-04	1.197500e+02	4.092507e+00
3.533831e-04	1.200000e+02	0.000000e+00
3.533831e-04	1.202500e+02	5.488739e+00
3.533831e-04	1.205000e+02	6.790680e+02
3.533831e-04	1.207500e+02	5.998406e+02
3.533831e-04	1.210000e+02	9.097199e+02
3.533831e-04	1.212500e+02	1.195344e+03
3.533831e-04	1.215000e+02	1.722865e+03
3.533831e-04	1.217500e+02	2.782233e+03
3.533831e-04	1.220000e+02	2.581570e+03
3.533831e-04	1.222500e+02	3.117839e+03
3.533831e-04	1.225000e+02	5.964033e+03
3.533831e-04	1.227500e+02	8.072597e+03
3.533831e-04	1.230000e+02	9.415858e+03
3.533831e-04	1.232500e+02	1.036749e+04
3.533831e-04	1.235000e+02	1.093500e+04
3.533831e-04	1.237500e+02	1.184317e+04
3.533831e-04	1.240000e+02	1.303386e+04
3.533831e-04	1.242500e+02	1.463314e+04
3.533831e-04	1.245000e+02	1.567770e+04
3.533831e-04	1.247500e+02	1.640567e+04
3.533831e-04	1.250000e+02	1.711065e+04
3.533831e-04	1.252500e+02	1.693516e+04
3.533831e-04	1.255000e+02	1.624690e+04
3.533831e-04	1.257500e+02	1.644616e+04
3.533831e-04	1.260000e+02	1.543848e+04
3.533831e-04	1.262500e+02	1.500007e+04
3.533831e-04	1.265000e+02	1.790366e+04
3.533831e-04	1.267500e+02	1.966147e+04
3.533831e-04	1.270000e+02	2.013884e+04
3.533831e-04	1.272500e+02	1.988778e+04
3.533831e-04	1.275000e+02	1.911818e+04
3.533831e-04	1.277500e+02	1.739866e+04
3.533831e-04	1.280000e+02	0.000000e+00
3.533831e-04	1.282500e+02	2.257854e+04
3.533831e-04	1.285000e+02	2.441164e+04
3.533831e-04	1.287500e+02	2.411956e+04
3.533831e-04	1.290000e+02	2.525268e+04
3.533831e-04	1.292500e+02	2.617417e+04
3.533831e-04	1.295000e+02	2.586801e+04
3.533831e-04	1.297500e+02	2.499362e+04
3.533831e-04	1.300000e+02	2.244369e+04
3.533831e-04	1.302500e+02	2.091783e+04
3.533831e-04	1.305000e+02	2.234906e+04
3.533831e-04	1.307500e+02	2.419181e+04
3.533831e-04	1.310000e+02	2.502079e+04
3.533831e-04	1.312500e+02	2.594823e+04
3.533831e-04	1.315000e+02	2.308755e+04
3.533831e-04	1.317500e+02	1.219891e+04
3.533831e-04	1.320000e+02	1.272233e+04
3.533831e-04	1.322500e+02	2.530458e+04
3.533831e-04	1.325000e+02	2.902651e+04
3.533831e-04	1.327500e+02	2.921449e+04
3.533831e-04	1.330000e+02	2.921128e+04
3.533831e-04	1.332500e+02	2.913631e+04
3.533831e-04	1.335000e+02	2.916126e+04
3.533831e-04	1.337500e+02	2.974051e+04
3.533831e-04	1.340000e+02	3.001664e+04
3.533831e-04	1.342500e+02	3.014373e+04
3.533831e-04	1.345000e+02	3.021249e+04
3.533831e-04	1.347500e+02	3.031522e+04
3.533831e-04	1.350000e+02	3.010270e+04
3.533831e-04	1.352500e+02	2.952345e+04
3.533831e-04	1.355000e+02	2.962107e+04
3.533831e-04	1.357500e+02	2.838702e+04
3.533831e-04	1.360000e+02	2.529997e+04
3.533831e-04	1.362500e+02	2.359628e+04
3.533831e-04	1.365000e+02	2.485726e+04
3.533831e-04	1.367500e+02	2.771847e+04
3.533831e-04	1.370000e+02	2.727115e+04
3.533831e-04	1.372500e+02	2.673214e+04
3.533831e-04	1.375000e+02	2.556261e+04
3.533831e-04	1.377500e+02	2.544444e+04
3.533831e-04	1.380000e+02	2.649166e+04
3.533831e-04	1.382500e+02	2.473127e+04
3.533831e-04	1.385000e+02	2.670876e+04
3.533831e-04	1.387500e+02	2.669333e+04
3.533831e-04	1.390000e+02	2.649277e+04
3.533831e-04	1.392500e+02	2.537210e+04
3.533831e-04	1.395000e+02	2.465214e+04
3.533831e-04	1.397500e+02	2.553974e+04
3.533831e-04	1.400000e+02	2.521702e+04
3.533831e-04	1.402500e+02	2.479602e+04
3.533831e-04	1.405000e+02	2.461542e+04
3.533831e-04	1.407500e+02	2.437613e+04
3.533831e-04	1.410000e+02	2.417497e+04
3.533831e-04	1.412500e+02	2.381903e+04
3.533831e-04	1.415000e+02	2.337977e+04
3.533831e-04	1.417500e+02	2.323493e+04
3.533831e-04	1.420000e+02	2.286035e+04
3.533831e-04	1.422500e+02	2.263209e+04
3.533831e-04	1.425000e+02	2.225343e+04
3.533831e-04	1.427500e+02	1.949791e+04
3.533831e-04	1.430000e+02	1.018811e+04
3.533831e-04	1.432500e+02	1.027450e+04
3.533831e-04	1.435000e+02	1.975543e+04
3.533831e-04	1.437500e+02	2.039513e+04
3.533831e-04	1.440000e+02	0.000000e+00
3.533831e-04	1.442500e+02	1.924345e+04
3.533831e-04	1.445000e+02	1.795726e+04
3.533831e-04	1.447500e+02	1.681245e+04
3.533831e-04	1.450000e+02	1.657115e+04
3.533831e-04	1.452500e+02	1.779106e+04
3.533831e-04	1.455000e+02	1.806124e+04
3.533831e-04	1.457500e+02	1.788195e+04
3.533831e-04	1.460000e+02	1.747198e+04
3.533831e-04	1.462500e+02	1.701521e+04
3.533831e-04	1.465000e+02	1.664994e+04
3.533831e-04	1.467500e+02	1.607931e+04
3.533831e-04	1.470000e+02	1.540142e+04
3.533831e-04	1.472500e+02	1.463412e+04
3.533831e-04	1.475000e+02	1.376969e+04
3.533831e-04	1.477500e+02	1.367493e+04
3.533831e-04	1.480000e+02	1.361241e+04
3.533831e-04	1.482500e+02	1.316815e+04
3.533831e-04	1.485000e+02	1.253711e+04
3.533831e-04	1.487500e+02	0.000000e+00
3.533831e-04	1.490000e+02	1.065651e+04
3.533831e-04	1.492500e+02	9.939539e+03
3.533831e-04	1.495000e+02	9.987533e+03
3.533831e-04	1.497500e+02	9.250098e+03
3.533831e-04	1.500000e+02	8.454155e+03
3.533831e-04	1.502500e+02	7.860872e+03
3.533831e-04	1.505000e+02	6.874454e+03
3.533831e-04	1.507500e+02	4.434337e+03
3.533831e-04	1.510000e+02	6.838999e+01
3.533831e-04	1.512500e+02	8.907660e+00
3.533831e-04	1.515000e+02	1.926666e+01
3.533831e-04	1.517500e+02	2.214313e+03
3.533831e-04	1.520000e+02	5.553641e+03
3.533831e-04	1.522500e+02	5.808774e+03
3.533831e-04	1.525000e+02	5.673389e+03
3.533831e-04	1.527500e+02	5.535724e+03
3.533831e-04	1.530000e+02	5.443118e+03
3.533831e-04	1.532500e+02	5.283458e+03
3.533831e-04	1.535000e+02	5.171335e+03
3.533831e-04	1.537500e+02	5.455191e+03
3.533831e-04	1.540000e+02	5.425627e+03
3.533831e-04	1.542500e+02	5.195586e+03
3.533831e-04	1.545000e+02	4.951473e+03
3.533831e-04	1.547500e+02	4.721832e+03
3.533831e-04	1.550000e+02	4.517784e+03
3.533831e-04	1.552500e+02	4.366337e+03
3.533831e-04	1.555000e+02	4.160590e+03
3.533831e-04	1.557500e+02	3.965408e+03
3.533831e-04	1.560000e+02	3.781692e+03
3.533831e-04	1.562500e+02	3.584914e+03
3.533831e-04	1.565000e+02	3.383538e+03
3.533831e-04	1.567500e+02	3.151428e+03
3.533831e-04	1.570000e+02	2.902606e+03
3.533831e-04	1.572500e+02	2.583115e+03
3.533831e-04	1.575000e+02	2.339260e+03
3.533831e-04	1.577500e+02	2.209434e+03
3.533831e-04	1.580000e+02	2.165577e+03
3.533831e-04	1.582500e+02	2.079410e+03
3.533831e-04	1.585000e+02	1.934848e+03
3.533831e-04	1.587500e+02	1.798754e+03
3.533831e-04	1.590000e+02	1.657739e+03
3.533831e-04	1.592500e+02	1.491195e+03
3.533831e-04	1.595000e+02	1.361972e+03
3.533831e-04	1.597500e+02	1.275757e+03
3.533831e-04	1.600000e+02	0.000000e+00
3.533831e-04	1.602500e+02	1.070354e+03
3.533831e-04	1.605000e+02	9.830519e+02
3.533831e-04	1.607500e+02	8.830977e+02
3.533831e-04	1.610000e+02	7.934514e+02
3.533831e-04	1.612500e+02	7.083148e+02
3.533831e-04	1.615000e+02	6.280023e+02
3.533831e-04	1.617500e+02	5.598779e+02
3.533831e-04	1.620000e+02	4.927598e+02
3.533831e-04	1.622500e+02	4.313442e+02
3.533831e-04	1.625000e+02	3.767201e+02
3.533831e-04	1.627500e+02	3.219914e+02
3.533831e-04	1.630000e+02	2.666694e+02
3.533831e-04	1.632500e+02	2.182643e+02
3.533831e-04	1.635000e+02	1.892910e+02
3.533831e-04	1.637500e+02	1.561519e+02
3.533831e-04	1.640000e+02	1.243279e+02
3.533831e-04	1.642500e+02	9.665127e+01
3.533831e-04	1.645000e+02	7.390863e+01
3.533831e-04	1.647500e+02	5.411755e+01
3.533831e-04	1.650000e+02	3.745023e+01
3.533831e-04	1.652500e+02	2.392481e+01
3.533831e-04	1.655000e+02	1.314218e+01
3.533831e-04	1.657500e+02	5.695005e+00
3.533831e-04	1.660000e+02	1.545930e+00
3.533831e-04	1.662500e+02	2.142925e-02
3.533831e-04	1.665000e+02	1.194217e-01
3.533831e-04	1.667500e+02	2.693371e-01
3.533831e-04	1.670000e+02	3.145995e+00
3.533831e-04	1.672500e+02	1.780323e+01
3.533831e-04	1.675000e+02	2.760866e+01
3.533831e-04	1.677500e+02	3.928225e+01
3.533831e-04	1.680000e+02	4.745559e+01
3.533831e-04	1.682500e+02	6.126707e+01
3.533831e-04	1.685000e+02	8.507106e+01
3.533831e-04	1.687500e+02	1.049587e+02
3.533831e-04	1.690000e+02	1.238695e+02
3.533831e-04	1.692500e+02	1.443634e+02
3.533831e-04	1.695000e+02	1.661859e+02
3.533831e-04	1.697500e+02	1.899287e+02
3.533831e-04	1.700000e+02	2.149453e+02
3.533831e-04	1.702500e+02	2.439271e+02
3.533831e-04	1.705000e+02	2.734642e+02
3.533831e-04	1.707500e+02	3.012785e+02
3.533831e-04	1.710000e+02	3.321810e+02
3.533831e-04	1.712500e+02	3.601016e+02
3.533831e-04	1.715000e+02	3.888204e+02
3.533831e-04	1.717500e+02	4.198629e+02
3.533831e-04	1.720000e+02	4.527461e+02
3.533831e-04	1.722500e+02	4.833631e+02
3.533831e-04	1.725000e+02	5.163469e+02
3.533831e-04	1.727500e+02	5.408837e+02
3.533831e-04	1.730000e+02	5.364630e+02
3.533831e-04	1.732500e+02	5.736323e+02
3.533831e-04	1.735000e+02	6.192208e+02
3.533831e-04	1.737500e+02	6.518937e+02
3.533831e-04	1.740000e+02	6.807306e+02
3.533831e-04	1.742500e+02	6.745478e+02
3.533831e-04	1.745000e+02	6.729261e+02
3.533831e-04	1.747500e+02	7.051026e+02
3.533831e-04	1.750000e+02	7.657860e+02
3.533831e-04	1.752500e+02	8.064878e+02
3.533831e-04	1.755000e+02	8.312540e+02
3.533831e-04	1.757500e+02	8.576019e+02
3.533831e-04	1.760000e+02	0.000000e+00
3.533831e-04	1.762500e+02	9.132003e+02
3.533831e-04	1.765000e+02	9.253673e+02
3.533831e-04	1.767500e+02	9.317203e+02
3.533831e-04	1.770000e+02	9.030469e+02
3.533831e-04	1.772500e+02	8.644222e+02
3.533831e-04	1.775000e+02	8.336210e+02
3.533831e-04	1.777500e+02	7.481246e+02
3.533831e-04	1.780000e+02	6.744876e+02
3.533831e-04	1.782500e+02	7.111947e+02
3.533831e-04	1.785000e+02	7.264471e+02
3.533831e-04	1.787500e+02	6.837747e+02
3.533831e-04	1.790000e+02	6.276906e+02
3.533831e-04	1.792500e+02	5.127273e+02
3.533831e-04	1.795000e+02	4.140508e+02
3.533831e-04	1.797500e+02	1.031956e+00
3.533831e-04	1.800000e+02	0.000000e+00
3.533831e-04	1.802500e+02	1.178082e+00
3.533831e-04	1.805000e+02	5.733245e+02
3.533831e-04	1.807500e+02	6.967782e+02
3.533831e-04	1.810000e+02	8.223238e+02
3.533831e-04	1.812500e+02	9.229029e+02
3.533831e-04	1.815000e+02	1.065120e+03
3.533831e-04	1.817500e+02	1.204479e+03
3.533831e-04	1.820000e+02	1.211736e+03
3.533831e-04	1.822500e+02	1.257574e+03
3.533831e-04	1.825000e+02	1.341824e+03
3.533831e-04	1.827500e+02	1.299409e+03
3.533831e-04	1.830000e+02	1.313422e+03
3.533831e-04	1.832500e+02	1.373375e+03
3.533831e-04	1.835000e+02	1.385658e+03
3.533831e-04	1.837500e+02	1.381629e+03
3.533831e-04	1.840000e+02	1.325697e+03
3.533831e-04	1.842500e+02	1.265937e+03
3.533831e-04	1.845000e+02	7.466862e+02
3.533831e-04	1.847500e+02	4.448428e+02
3.533831e-04	1.850000e+02	9.576607e+02
3.533831e-04	1.852500e+02	1.260674e+03
3.533831e-04	1.855000e+02	1.194442e+03
3.533831e-04	1.857500e+02	1.173269e+03
3.533831e-04	1.860000e+02	1.118931e+03
3.533831e-04	1.862500e+02	1.071365e+03
3.533831e-04	1.865000e+02	1.045381e+03
3.533831e-04	1.867500e+02	1.014748e+03
3.533831e-04	1.870000e+02	9.928514e+02
3.533831e-04	1.872500e+02	9.928877e+02
3.533831e-04	1.875000e+02	1.000601e+03
3.533831e-04	1.877500e+02	1.026440e+03
3.533831e-04	1.880000e+02	1.047062e+03
3.533831e-04	1.882500e+02	1.048712e+03
3.533831e-04	1.885000e+02	1.044047e+03
3.533831e-04	1.887500e+02	1.050726e+03
3.533831e-04	1.890000e+02	1.060605e+03
3.533831e-04	1.892500e+02	1.058686e+03
3.533831e-04	1.895000e+02	1.044405e+03
3.533831e-04	1.897500e+02	1.042567e+03
3.533831e-04	1.900000e+02	1.031614e+03
3.533831e-04	1.902500e+02	1.022880e+03
3.533831e-04	1.905000e+02	9.230441e+02
3.533831e-04	1.907500e+02	6.966742e+02
3.533831e-04	1.910000e+02	8.156478e+02
3.533831e-04	1.912500e+02	9.891305e+02
3.533831e-04	1.915000e+02	9.659053e+02
3.533831e-04	1.917500e+02	8.533985e+02
3.533831e-04	1.920000e+02	0.000000e+00
3.533831e-04	1.922500e+02	9.173373e+02
3.533831e-04	1.925000e+02	9.219840e+02
3.533831e-04	1.927500e+02	9.133992e+02
3.533831e-04	1.930000e+02	9.080128e+02
3.533831e-04	1.932500e+02	8.989626e+02
3.533831e-04	1.935000e+02	8.800401e+02
3.533831e-04	1.937500e+02	8.575997e+02
3.533831e-04	1.940000e+02	8.456668e+02
3.533831e-04	1.942500e+02	0.000000e+00
3.533831e-04	1.945000e+02	8.112690e+02
3.533831e-04	1.947500e+02	7.985299e+02
3.533831e-04	1.950000e+02	7.879525e+02
3.533831e-04	1.952500e+02	7.757256e+02
3.533831e-04	1.955000e+02	7.491398e+02
3.533831e-04	1.957500e+02	7.192869e+02
3.533831e-04	1.960000e+02	6.634445e+02
3.533831e-04	1.962500e+02	6.332133e+02
3.533831e-04	1.965000e+02	6.578361e+02
3.533831e-04	1.967500e+02	6.567770e+02
3.533831e-04	1.970000e+02	6.376715e+02
3.533831e-04	1.972500e+02	6.166183e+02
3.533831e-04	1.975000e+02	6.014509e+02
3.533831e-04	1.977500e+02	5.838499e+02
3.533831e-04	1.980000e+02	5.661062e+02
3.533831e-04	1.982500e+02	5.396403e+02
3.533831e-04	1.985000e+02	4.813578e+02
3.533831e-04	1.987500e+02	4.571093e+02
3.533831e-04	1.990000e+02	4.840709e+02
3.533831e-04	1.992500e+02	4.876991e+02
3.533831e-04	1.995000e+02	4.725186e+02
3.533831e-04	1.997500e+02	4.550704e+02
3.533831e-04	2.000000e+02	4.394149e+02
3.533831e-04	2.002500e+02	4.279652e+02
3.533831e-04	2.005000e+02	4.106935e+02
3.533831e-04	2.007500e+02	3.769938e+02
3.533831e-04	2.010000e+02	3.675736e+02
3.533831e-04	2.012500e+02	3.756084e+02
3.533831e-04	2.015000e+02	3.675460e+02
3.533831e-04	2.017500e+02	3.561022e+02
3.533831e-04	2.020000e+02	3.418852e+02
3.533831e-04	2.022500e+02	3.260462e+02
3.533831e-04	2.025000e+02	3.080123e+02
3.533831e-04	2.027500e+02	2.867080e+02
3.533831e-04	2.030000e+02	2.696615e+02
3.533831e-04	2.032500e+02	2.620853e+02
3.533831e-04	2.035000e+02	2.556634e+02
3.533831e-04	2.037500e+02	2.457400e+02
3.533831e-04	2.040000e+02	2.310500e+02
3.533831e-04	2.042500e+02	2.196994e+02
3.533831e-04	2.045000e+02	2.092554e+02
3.533831e-04	2.047500e+02	2.014400e+02
3.533831e-04	2.050000e+02	1.930500e+02
3.533831e-04	2.052500e+02	1.840290e+02
3.533831e-04	2.055000e+02	1.715771e+02
3.533831e-04	2.057500e+02	1.601761e+02
3.533831e-04	2.060000e+02	1.527158e+02
3.533831e-04	2.062500e+02	1.447429e+02
3.533831e-04	2.065000e+02	1.363845e+02
3.533831e-04	2.067500e+02	1.299441e+02
3.533831e-04	2.070000e+02	1.232952e+02
3.533831e-04	2.072500e+02	1.157593e+02
3.533831e-04	2.075000e+02	1.078784e+02
3.533831e-04	2.077500e+02	1.006381e+02
3.533831e-04	2.080000e+02	0.000000e+00
3.533831e-04	2.082500e+02	8.667717e+01
3.533831e-04	2.085000e+02	7.986927e+01
3.533831e-04	2.087500e+02	7.240779e+01
3.533831e-04	2.090000e+02	6.574013e+01
3.533831e-04	2.092500e+02	6.048046e+01
3.533831e-04	2.095000e+02	5.532391e+01
3.533831e-04	2.097500e+02	4.994127e+01
3.533831e-04	2.100000e+02	4.445815e+01
3.533831e-04	2.102500e+02	3.856539e+01
3.533831e-04	2.105000e+02	3.421090e+01
3.533831e-04	2.107500e+02	3.128401e+01
3.533831e-04	2.110000e+02	2.839304e+01
3.533831e-04	2.112500e+02	2.542791e+01
3.533831e-04	2.115000e+02	2.240726e+01
3.533831e-04	2.117500e+02	1.960562e+01
3.533831e-04	2.120000e+02	1.713431e+01
3.533831e-04	2.122500e+02	1.467648e+01
3.533831e-04	2.125000e+02	1.238932e+01
3.533831e-04	2.127500e+02	1.048074e+01
3.533831e-04	2.130000e+02	8.728743e+00
3.533831e-04	2.132500e+02	7.052358e+00
3.533831e-04	2.135000e+02	5.592292e+00
3.533831e-04	2.137500e+02	4.251065e+00
3.533831e-04	2.140000e+02	3.103973e+00
3.533831e-04	2.142500e+02	2.158198e+00
3.533831e-04	2.145000e+02	1.392701e+00
3.533831e-04	2.147500e+02	7.927686e-01
3.533831e-04	2.150000e+02	3.671210e-01
3.533831e-04	2.152500e+02	1.068713e-01
3.533831e-04	2.155000e+02	2.437299e-03
3.533831e-04	2.157500e+02	5.112859e-02
3.533831e-04	2.160000e+02	2.496628e-01
3.533831e-04	2.162500e+02	5.867315e-01
3.533831e-04	2.165000e+02	1.057882e+00
3.533831e-04	2.167500e+02	1.656982e+00
3.533831e-04	2.170000e+02	2.382319e+00
3.533831e-04	2.172500e+02	3.253252e+00
3.533831e-04	2.175000e+02	4.230673e+00
3.533831e-04	2.177500e+02	5.297855e+00
3.533831e-04	2.180000e+02	6.516970e+00
3.533831e-04	2.182500e+02	7.848956e+00
3.533831e-04	2.185000e+02	9.235295e+00
3.533831e-04	2.187500e+02	1.071483e+01
3.533831e-04	2.190000e+02	1.212661e+01
3.533831e-04	2.192500e+02	1.365736e+01
3.533831e-04	2.195000e+02	1.529664e+01
3.533831e-04	2.197500e+02	1.710167e+01
3.533831e-04	2.200000e+02	1.886617e+01
3.533831e-04	2.202500e+02	2.056159e+01
3.533831e-04	2.205000e+02	2.225813e+01
3.533831e-04	2.207500e+02	2.383099e+01
3.533831e-04	2.210000e+02	2.500206e+01
3.533831e-04	2.212500e+02	2.622864e+01
3.533831e-04	2.215000e+02	2.101842e+01
3.533831e-04	2.217500e+02	1.989373e+01
3.533831e-04	2.220000e+02	3.233886e+01
3.533831e-04	2.222500e+02	3.529600e+01
3.533831e-04	2.225000e+02	3.755454e+01
3.533831e-04	2.227500e+02	4.069031e+01
3.533831e-04	2.230000e+02	4.301164e+01
3.533831e-04	2.232500e+02	4.514435e+01
3.533831e-04	2.235000e+02	4.731057e+01
3.533831e-04	2.237500e+02	4.944568e+01
3.533831e-04	2.240000e+02	0.000000e+00
3.533831e-04	2.242500e+02	5.377458e+01
3.533831e-04	2.245000e+02	5.561659e+01
3.533831e-04	2.247500e+02	5.790132e+01
3.533831e-04	2.250000e+02	5.971598e+01
3.533831e-04	2.252500e+02	6.151853e+01
3.533831e-04	2.255000e+02	6.315702e+01
3.533831e-04	2.257500e+02	6.448805e+01
3.533831e-04	2.260000e+02	6.535474e+01
3.533831e-04	2.262500e+02	6.658948e+01
3.533831e-04	2.265000e+02	6.763216e+01
3.533831e-04	2.267500e+02	6.780278e+01
3.533831e-04	2.270000e+02	7.006988e+01
3.533831e-04	2.272500e+02	7.291107e+01
3.533831e-04	2.275000e+02	7.451235e+01
3.533831e-04	2.277500e+02	7.329402e+01
3.533831e-04	2.280000e+02	6.539930e+01
3.533831e-04	2.282500e+02	6.749423e+01
3.533831e-04	2.285000e+02	7.850439e+01
3.533831e-04	2.287500e+02	8.111408e+01
3.533831e-04	2.290000e+02	7.936300e+01
3.533831e-04	2.292500e+02	7.237130e+01
3.533831e-04	2.295000e+02	6.667822e+01
3.533831e-04	2.297500e+02	6.782742e+01
3.533831e-04	2.300000e+02	7.415210e+01
3.533831e-04	2.302500e+02	8.350384e+01
3.533831e-04	2.305000e+02	8.896308e+01
3.533831e-04	2.307500e+02	9.255617e+01
3.533831e-04	2.310000e+02	9.280071e+01
3.533831e-04	2.312500e+02	9.347883e+01
3.533831e-04	2.315000e+02	9.646418e+01
3.533831e-04	2.317500e+02	9.627210e+01
3.533831e-04	2.320000e+02	9.561212e+01
3.533831e-04	2.322500e+02	9.485140e+01
3.533831e-04	2.325000e+02	9.566201e+01
3.533831e-04	2.327500e+02	9.733628e+01
3.533831e-04	2.330000e+02	9.740786e+01
3.533831e-04	2.332500e+02	9.566750e+01
3.533831e-04	2.335000e+02	9.059661e+01
3.533831e-04	2.337500e+02	8.408225e+01
3.533831e-04	2.340000e+02	8.480824e+01
3.533831e-04	2.342500e+02	8.868603e+01
3.533831e-04	2.345000e+02	9.431564e+01
3.533831e-04	2.347500e+02	9.763396e+01
3.533831e-04	2.350000e+02	9.771102e+01
3.533831e-04	2.352500e+02	9.766448e+01
3.533831e-04	2.355000e+02	9.608882e+01
3.533831e-04	2.357500e+02	9.710116e+01
3.533831e-04	2.360000e+02	9.811427e+01
3.533831e-04	2.362500e+02	9.820696e+01
3.533831e-04	2.365000e+02	9.596844e+01
3.533831e-04	2.367500e+02	9.331966e+01
3.533831e-04	2.370000e+02	8.817260e+01
3.533831e-04	2.372500e+02	8.206815e+01
3.533831e-04	2.375000e+02	7.489033e+01
3.533831e-04	2.377500e+02	6.466524e+01
3.533831e-04	2.380000e+02	6.267514e+01
3.533831e-04	2.382500e+02	6.122898e+01
3.533831e-04	2.385000e+02	5.256572e+01
3.533831e-04	2.387500e+02	5.360689e+01
3.533831e-04	2.390000e+02	5.021874e+01
3.533831e-04	2.392500e+02	4.299641e+01
3.533831e-04	2.395000e+02	4.397873e+01
3.533831e-04	2.397500e+02	4.394828e+00
3.533831e-04	2.400000e+02	0.000000e+00
3.533831e-04	2.402500e+02	4.498106e+00
3.533831e-04	2.405000e+02	4.136063e+01
3.533831e-04	2.407500e+02	3.874510e+01
3.533831e-04	2.410000e+02	4.429800e+01
3.533831e-04	2.412500e+02	4.619743e+01
3.533831e-04	2.415000e+02	4.746023e+01
3.533831e-04	2.417500e+02	5.246954e+01
3.533831e-04	2.420000e+02	4.992139e+01
3.533831e-04	2.422500e+02	5.176511e+01
3.533831e-04	2.425000e+02	6.064337e+01
3.533831e-04	2.427500e+02	6.462844e+01
3.533831e-04	2.430000e+02	6.669919e+01
3.533831e-04	2.432500e+02	6.829036e+01
3.533831e-04	2.435000e+02	6.862019e+01
3.533831e-04	2.437500e+02	6.853316e+01
3.533831e-04	2.440000e+02	6.719392e+01
3.533831e-04	2.442500e+02	6.465757e+01
3.533831e-04	2.445000e+02	6.332684e+01
3.533831e-04	2.447500e+02	6.302461e+01
3.533831e-04	2.450000e+02	6.250838e+01
3.533831e-04	2.452500e+02	6.076025e+01
3.533831e-04	2.455000e+02	5.649451e+01
3.533831e-04	2.457500e+02	5.096276e+01
3.533831e-04	2.460000e+02	4.721281e+01
3.533831e-04	2.462500e+02	4.565554e+01
3.533831e-04	2.465000e+02	4.875213e+01
3.533831e-04	2.467500e+02	5.049256e+01
3.533831e-04	2.470000e+02	4.987790e+01
3.533831e-04	2.472500e+02	4.843051e+01
3.533831e-04	2.475000e+02	4.695873e+01
3.533831e-04	2.477500e+02	4.612882e+01
3.533831e-04	2.480000e+02	4.569210e+01
3.533831e-04	2.482500e+02	4.460047e+01
3.533831e-04	2.485000e+02	4.292697e+01
3.533831e-04	2.487500e+02	4.130420e+01
3.533831e-04	2.490000e+02	4.004945e+01
3.533831e-04	2.492500e+02	3.850527e+01
3.533831e-04	2.495000e+02	3.585614e+01
3.533831e-04	2.497500e+02	3.189006e+01
3.533831e-04	2.500000e+02	2.682382e+01
3.533831e-04	2.502500e+02	2.486813e+01
3.533831e-04	2.505000e+02	2.416232e+01
3.533831e-04	2.507500e+02	2.555530e+01
3.533831e-04	2.510000e+02	2.723903e+01
3.533831e-04	2.512500e+02	2.748414e+01
3.533831e-04	2.515000e+02	2.567490e+01
3.533831e-04	2.517500e+02	2.073391e+01
3.533831e-04	2.520000e+02	2.020297e+01
3.533831e-04	2.522500e+02	2.280730e+01
3.533831e-04	2.525000e+02	2.234308e+01
3.533831e-04	2.527500e+02	2.152071e+01
3.533831e-04	2.530000e+02	2.042300e+01
3.533831e-04	2.532500e+02	1.915936e+01
3.533831e-04	2.535000e+02	1.811078e+01
3.533831e-04	2.537500e+02	1.749374e+01
3.533831e-04	2.540000e+02	1.697573e+01
3.533831e-04	2.542500e+02	1.650717e+01
3.533831e-04	2.545000e+02	1.585312e+01
3.533831e-04	2.547500e+02	1.503581e+01
3.533831e-04	2.550000e+02	1.422029e+01
3.533831e-04	2.552500e+02	1.336215e+01
3.533831e-04	2.555000e+02	1.260161e+01
3.533831e-04	2.557500e+02	1.187772e+01
3.533831e-04	2.560000e+02	0.000000e+00
3.533831e-04	2.562500e+02	1.045233e+01
3.533831e-04	2.565000e+02	9.725215e+00
3.533831e-04	2.567500e+02	9.077619e+00
3.533831e-04	2.570000e+02	8.523403e+00
3.533831e-04	2.572500e+02	7.946547e+00
3.533831e-04	2.575000e+02	7.171873e+00
3.533831e-04	2.577500e+02	6.524840e+00
3.533831e-04	2.580000e+02	6.066917e+00
3.533831e-04	2.582500e+02	5.517703e+00
3.533831e-04	2.585000e+02	3.412547e+00
3.533831e-04	2.587500e+02	3.246496e+00
3.533831e-04	2.590000e+02	4.201228e+00
3.533831e-04	2.592500e+02	3.834539e+00
3.533831e-04	2.595000e+02	3.458289e+00
3.533831e-04	2.597500e+02	3.116086e+00
3.533831e-04	2.600000e+02	2.823104e+00
3.533831e-04	2.602500e+02	2.543062e+00
3.533831e-04	2.605000e+02	2.242630e+00
3.533831e-04	2.607500e+02	1.959706e+00
3.533831e-04	2.610000e+02	1.714184e+00
3.533831e-04	2.612500e+02	1.477458e+00
3.533831e-04	2.615000e+02	1.251990e+00
3.533831e-04	2.617500e+02	1.060377e+00
3.533831e-04	2.620000e+02	8.769826e-01
3.533831e-04	2.622500e+02	7.137251e-01
3.533831e-04	2.625000e+02	5.685927e-01
3.533831e-04	2.627500e+02	4.378986e-01
3.533831e-04	2.630000e+02	3.267383e-01
3.533831e-04	2.632500e+02	2.321508e-01
3.533831e-04	2.635000e+02	1.531532e-01
3.533831e-04	2.637500e+02	9.123407e-02
3.533831e-04	2.640000e+02	4.701444e-02
3.533831e-04	2.642500e+02	1.719800e-02
3.533831e-04	2.645000e+02	2.139411e-03
3.533831e-04	2.647500e+02	1.397328e-03
3.533831e-04	2.650000e+02	1.449884e-02
3.533831e-04	2.652500e+02	4.105668e-02
3.533831e-04	2.655000e+02	0.000000e+00
3.533831e-04	2.657500e+02	1.332680e-01
3.533831e-04	2.660000e+02	1.991169e-01
3.533831e-04	2.662500e+02	2.758612e-01
3.533831e-04	2.665000e+02	3.623264e-01
3.533831e-04	2.667500e+02	4.543146e-01
3.533831e-04	2.670000e+02	5.557499e-01
3.533831e-04	2.672500e+02	6.767120e-01
3.533831e-04	2.675000e+02	8.172943e-01
3.533831e-04	2.677500e+02	9.544783e-01
3.533831e-04	2.680000e+02	1.094584e+00
3.533831e-04	2.682500e+02	1.249123e+00
3.533831e-04	2.685000e+02	1.408683e+00
3.533831e-04	2.687500e+02	1.572333e+00
3.533831e-04	2.690000e+02	1.730861e+00
3.533831e-04	2.692500e+02	1.900382e+00
3.533831e-04	2.695000e+02	2.083340e+00
3.533831e-04	2.697500e+02	2.263491e+00
3.533831e-04	2.700000e+02	2.461342e+00
3.533831e-04	2.702500e+02	2.649763e+00
3.533831e-04	2.705000e+02	2.860065e+00
3.533831e-04	2.707500e+02	3.048792e+00
3.533831e-04	2.710000e+02	3.250930e+00
3.533831e-04	2.712500e+02	3.455840e+00
3.533831e-04	2.715000e+02	3.659445e+00
3.533831e-04	2.717500e+02	3.858500e+00
3.533831e-04	2.720000e+02	0.000000e+00
3.533831e-04	2.722500e+02	4.237864e+00
3.533831e-04	2.725000e+02	4.463835e+00
3.533831e-04	2.727500e+02	4.683204e+00
3.533831e-04	2.730000e+02	4.905050e+00
3.533831e-04	2.732500e+02	5.135152e+00
3.533831e-04	2.735000e+02	5.365527e+00
3.533831e-04	2.737500e+02	5.559870e+00
3.533831e-04	2.740000e+02	5.777273e+00
3.533831e-04	2.742500e+02	5.962177e+00
3.533831e-04	2.745000e+02	6.201492e+00
3.533831e-04	2.747500e+02	6.401134e+00
3.533831e-04	2.750000e+02	6.559387e+00
3.533831e-04	2.752500e+02	6.726090e+00
3.533831e-04	2.755000e+02	6.903887e+00
3.533831e-04	2.757500e+02	7.102760e+00
3.533831e-04	2.760000e+02	7.257851e+00
3.533831e-04	2.762500e+02	7.380683e+00
3.533831e-04	2.765000e+02	7.470483e+00
3.533831e-04	2.767500e+02	7.371028e+00
3.533831e-04	2.770000e+02	7.074665e+00
3.533831e-04	2.772500e+02	6.979274e+00
3.533831e-04	2.775000e+02	7.352942e+00
3.533831e-04	2.777500e+02	7.761113e+00
3.533831e-04	2.780000e+02	7.983872e+00
3.533831e-04	2.782500e+02	8.047713e+00
3.533831e-04	2.785000e+02	8.238128e+00
3.533831e-04	2.787500e+02	8.649445e+00
3.533831e-04	2.790000e+02	8.853338e+00
3.533831e-04	2.792500e+02	9.009764e+00
3.533831e-04	2.795000e+02	9.193833e+00
3.533831e-04	2.797500e+02	9.356530e+00
3.533831e-04	2.800000e+02	9.392574e+00
3.533831e-04	2.802500e+02	9.392081e+00
3.533831e-04	2.805000e+02	9.575891e+00
3.533831e-04	2.807500e+02	9.790892e+00
3.533831e-04	2.810000e+02	9.908164e+00
3.533831e-04	2.812500e+02	9.975778e+00
3.533831e-04	2.815000e+02	1.005345e+01
3.533831e-04	2.817500e+02	1.010432e+01
3.533831e-04	2.820000e+02	1.020981e+01
3.533831e-04	2.822500e+02	1.028128e+01
3.533831e-04	2.825000e+02	1.030446e+01
3.533831e-04	2.827500e+02	1.024999e+01
3.533831e-04	2.830000e+02	1.006845e+01
3.533831e-04	2.832500e+02	9.992874e+00
3.533831e-04	2.835000e+02	1.001144e+01
3.533831e-04	2.837500e+02	1.009556e+01
3.533831e-04	2.840000e+02	1.022981e+01
3.533831e-04	2.842500e+02	1.033550e+01
3.533831e-04	2.845000e+02	1.032346e+01
3.533831e-04	2.847500e+02	1.028844e+01
3.533831e-04	2.850000e+02	1.027959e+01
3.533831e-04	2.852500e+02	1.021736e+01
3.533831e-04	2.855000e+02	1.022653e+01
3.533831e-04	2.857500e+02	1.020184e+01
3.533831e-04	2.860000e+02	1.000842e+01
3.533831e-04	2.862500e+02	9.904547e+00
3.533831e-04	2.865000e+02	1.013707e+01
3.533831e-04	2.867500e+02	1.018583e+01
3.533831e-04	2.870000e+02	1.013650e+01
3.533831e-04	2.872500e+02	1.011995e+01
3.533831e-04	2.875000e+02	1.007819e+01
3.533831e-04	2.877500e+02	9.934072e+00
3.533831e-04	2.880000e+02	0.000000e+00
3.533831e-04	2.882500e+02	9.515842e+00
3.533831e-04	2.885000e+02	9.711406e+00
3.533831e-04	2.887500e+02	9.557203e+00
3.533831e-04	2.890000e+02	9.301164e+00
3.533831e-04	2.892500e+02	8.880653e+00
3.533831e-04	2.895000e+02	8.696172e+00
3.533831e-04	2.897500e+02	8.772855e+00
3.533831e-04	2.900000e+02	8.665052e+00
3.533831e-04	2.902500e+02	8.714574e+00
3.533831e-04	2.905000e+02	8.833503e+00
3.533831e-04	2.907500e+02	8.754098e+00
3.533831e-04	2.910000e+02	8.658275e+00
3.533831e-04	2.912500e+02	8.557950e+00
3.533831e-04	2.915000e+02	8.479556e+00
3.533831e-04	2.917500e+02	8.319054e+00
3.533831e-04	2.920000e+02	8.151730e+00
3.533831e-04	2.922500e+02	7.985710e+00
3.533831e-04	2.925000e+02	7.857863e+00
3.533831e-04	2.927500e+02	7.571644e+00
3.533831e-04	2.930000e+02	7.351720e+00
3.533831e-04	2.932500e+02	7.074088e+00
3.533831e-04	2.935000e+02	6.361729e+00
3.533831e-04	2.937500e+02	5.460065e+00
3.533831e-04	2.940000e+02	5.371856e+00
3.533831e-04	2.942500e+02	5.722085e+00
3.533831e-04	2.945000e+02	5.850712e+00
3.533831e-04	2.947500e+02	4.647526e+00
3.533831e-04	2.950000e+02	4.346487e+00
3.533831e-04	2.952500e+02	3.412088e+00
3.533831e-04	2.955000e+02	1.067099e+00
3.533831e-04	2.957500e+02	1.813759e+00
3.533831e-04	2.960000e+02	5.238894e+00
3.533831e-04	2.962500e+02	4.785383e+00
3.533831e-04	2.965000e+02	4.909019e+00
3.533831e-04	2.967500e+02	5.087965e+00
3.533831e-04	2.970000e+02	5.060401e+00
3.533831e-04	2.972500e+02	4.922574e+00
3.533831e-04	2.975000e+02	4.641541e+00
3.533831e-04	2.977500e+02	4.078597e+00
3.533831e-04	2.980000e+02	3.978692e+00
3.533831e-04	2.982500e+02	4.122519e+00
3.533831e-04	2.985000e+02	3.752466e+00
3.533831e-04	2.987500e+02	3.245047e+00
3.533831e-04	2.990000e+02	2.894419e+00
3.533831e-04	2.992500e+02	2.406135e+00
3.533831e-04	2.995000e+02	2.078772e+00
3.533831e-04	2.997500e+02	8.082694e-02
3.533831e-04	3.000000e+02	0.000000e+00
3.533831e-04	3.002500e+02	8.755753e-02
3.533831e-04	3.005000e+02	1.946518e+00
3.533831e-04	3.007500e+02	2.061275e+00
3.533831e-04	3.010000e+02	2.223996e+00
3.533831e-04	3.012500e+02	2.219529e+00
3.533831e-04	3.015000e+02	2.315151e+00
3.533831e-04	3.017500e+02	2.336259e+00
3.533831e-04	3.020000e+02	2.224511e+00
3.533831e-04	3.022500e+02	2.185427e+00
3.533831e-04	3.025000e+02	2.240016e+00
3.533831e-04	3.027500e+02	2.164857e+00
3.533831e-04	3.030000e+02	2.057317e+00
3.533831e-04	3.032500e+02	1.938666e+00
3.533831e-04	3.035000e+02	1.833782e+00
3.533831e-04	3.037500e+02	1.725248e+00
3.533831e-04	3.040000e+02	0.000000e+00
3.533831e-04	3.042500e+02	1.542462e+00
3.533831e-04	3.045000e+02	1.448903e+00
3.533831e-04	3.047500e+02	1.367457e+00
3.533831e-04	3.050000e+02	1.297451e+00
3.533831e-04	3.052500e+02	1.214461e+00
3.533831e-04	3.055000e+02	1.105378e+00
3.533831e-04	3.057500e+02	9.598110e-01
3.533831e-04	3.060000e+02	8.054073e-01
3.533831e-04	3.062500e+02	7.392996e-01
3.533831e-04	3.065000e+02	7.837116e-01
3.533831e-04	3.067500e+02	7.729620e-01
3.533831e-04	3.070000e+02	7.261009e-01
3.533831e-04	3.072500e+02	6.733283e-01
3.533831e-04	3.075000e+02	6.168414e-01
3.533831e-04	3.077500e+02	5.617563e-01
3.533831e-04	3.080000e+02	5.151248e-01
3.533831e-04	3.082500e+02	4.657156e-01
3.533831e-04	3.085000e+02	4.107174e-01
3.533831e-04	3.087500e+02	3.717843e-01
3.533831e-04	3.090000e+02	3.404275e-01
3.533831e-04	3.092500e+02	3.035938e-01
3.533831e-04	3.095000e+02	2.697457e-01
3.533831e-04	3.097500e+02	2.307778e-01
3.533831e-04	3.100000e+02	1.975445e-01
3.533831e-04	3.102500e+02	1.735856e-01
3.533831e-04	3.105000e+02	1.491388e-01
3.533831e-04	3.107500e+02	1.270757e-01
3.533831e-04	3.110000e+02	1.069566e-01
3.533831e-04	3.112500e+02	8.756988e-02
3.533831e-04	3.115000e+02	6.934833e-02
3.533831e-04	3.117500e+02	5.217137e-02
3.533831e-04	3.120000e+02	3.913834e-02
3.533831e-04	3.122500e+02	2.912055e-02
3.533831e-04	3.125000e+02	1.975090e-02
3.533831e-04	3.127500e+02	1.224409e-02
3.533831e-04	3.130000e+02	6.601726e-03
3.533831e-04	3.132500e+02	2.689867e-03
3.533831e-04	3.135000e+02	5.125458e-04
3.533831e-04	3.137500e+02	3.956605e-05
3.533831e-04	3.140000e+02	1.218366e-03
3.533831e-04	3.142500e+02	3.980372e-03
3.533831e-04	3.145000e+02	8.375061e-03
3.533831e-04	3.147500e+02	1.425868e-02
3.533831e-04	3.150000e+02	2.164661e-02
3.533831e-04	3.152500e+02	3.039369e-02
3.533831e-04	3.155000e+02	4.027647e-02
3.533831e-04	3.157500e+02	5.159762e-02
3.533831e-04	3.160000e+02	6.381347e-02
3.533831e-04	3.162500e+02	7.640788e-02
3.533831e-04	3.165000e+02	9.045669e-02
3.533831e-04	3.167500e+02	1.069266e-01
3.533831e-04	3.170000e+02	1.267499e-01
3.533831e-04	3.172500e+02	1.458925e-01
3.533831e-04	3.175000e+02	1.648858e-01
3.533831e-04	3.177500e+02	1.846370e-01
3.533831e-04	3.180000e+02	2.073768e-01
3.533831e-04	3.182500e+02	2.301196e-01
3.533831e-04	3.185000e+02	2.515156e-01
3.533831e-04	3.187500e+02	2.743085e-01
3.533831e-04	3.190000e+02	2.980407e-01
3.533831e-04	3.192500e+02	3.211754e-01
3.533831e-04	3.195000e+02	3.426806e-01
3.533831e-04	3.197500e+02	3.633109e-01
3.533831e-04	3.200000e+02	0.000000e+00
3.533831e-04	3.202500e+02	4.089740e-01
3.533831e-04	3.205000e+02	4.366335e-01
3.533831e-04	3.207500e+02	4.671746e-01
3.533831e-04	3.210000e+02	4.945638e-01
3.533831e-04	3.212500e+02	5.207972e-01
3.533831e-04	3.215000e+02	5.445467e-01
3.533831e-04	3.217500e+02	5.654225e-01
3.533831e-04	3.220000e+02	5.887966e-01
3.533831e-04	3.222500e+02	6.184927e-01
3.533831e-04	3.225000e+02	6.504086e-01
3.533831e-04	3.227500e+02	6.768827e-01
3.533831e-04	3.230000e+02	7.081410e-01
3.533831e-04	3.232500e+02	7.327342e-01
3.533831e-04	3.235000e+02	7.598344e-01
3.533831e-04	3.237500e+02	7.890708e-01
3.533831e-04	3.240000e+02	8.094044e-01
3.533831e-04	3.242500e+02	8.375987e-01
3.533831e-04	3.245000e+02	8.627075e-01
3.533831e-04	3.247500e+02	8.862597e-01
3.533831e-04	3.250000e+02	9.117238e-01
3.533831e-04	3.252500e+02	9.399865e-01
3.533831e-04	3.255000e+02	9.611829e-01
3.533831e-04	3.257500e+02	9.772784e-01
3.533831e-04	3.260000e+02	9.944155e-01
3.533831e-04	3.262500e+02	1.010190e+00
3.533831e-04	3.265000e+02	1.026964e+00
3.533831e-04	3.267500e+02	1.046873e+00
3.533831e-04	3.270000e+02	1.064241e+00
3.533831e-04	3.272500e+02	1.076882e+00
3.533831e-04	3.275000e+02	1.096484e+00
3.533831e-04	3.277500e+02	1.104685e+00
3.533831e-04	3.280000e+02	1.105429e+00
3.533831e-04	3.282500e+02	1.107980e+00
3.533831e-04	3.285000e+02	1.109301e+00
3.533831e-04	3.287500e+02	1.119860e+00
3.533831e-04	3.290000e+02	1.035547e+00
3.533831e-04	3.292500e+02	7.944650e-01
3.533831e-04	3.295000e+02	5.913255e-01
3.533831e-04	3.297500e+02	6.769533e-01
3.533831e-04	3.300000e+02	9.950639e-01
3.533831e-04	3.302500e+02	1.085271e+00
3.533831e-04	3.305000e+02	1.120407e+00
3.533831e-04	3.307500e+02	1.163078e+00
3.533831e-04	3.310000e+02	1.154535e+00
3.533831e-04	3.312500e+02	1.111994e+00
3.533831e-04	3.315000e+02	1.030535e+00
3.533831e-04	3.317500e+02	1.015056e+00
3.533831e-04	3.320000e+02	1.119437e+00
3.533831e-04	3.322500e+02	9.346162e-01
3.533831e-04	3.325000e+02	5.928745e-01
3.533831e-04	3.327500e+02	9.045537e-01
3.533831e-04	3.330000e+02	1.109605e+00
3.533831e-04	3.332500e+02	1.156336e+00
3.533831e-04	3.335000e+02	1.203014e+00
3.533831e-04	3.337500e+02	1.210466e+00
3.533831e-04	3.340000e+02	1.204633e+00
3.533831e-04	3.342500e+02	1.203244e+00
3.533831e-04	3.345000e+02	1.183913e+00
3.533831e-04	3.347500e+02	1.130729e+00
3.533831e-04	3.350000e+02	1.045402e+00
3.533831e-04	3.352500e+02	9.782221e-01
3.533831e-04	3.355000e+02	1.019649e+00
3.533831e-04	3.357500e+02	9.605406e-01
3.533831e-04	3.360000e+02	0.000000e+00
3.533831e-04	3.362500e+02	1.079003e+00
3.533831e-04	3.365000e+02	1.076899e+00
3.533831e-04	3.367500e+02	1.072670e+00
3.533831e-04	3.370000e+02	1.060358e+00
3.533831e-04	3.372500e+02	1.035416e+00
3.533831e-04	3.375000e+02	1.017203e+00
3.533831e-04	3.377500e+02	9.861031e-01
3.533831e-04	3.380000e+02	9.473229e-01
3.533831e-04	3.382500e+02	9.026958e-01
3.533831e-04	3.385000e+02	8.920661e-01
3.533831e-04	3.387500e+02	8.783581e-01
3.533831e-04	3.390000e+02	8.606367e-01
3.533831e-04	3.392500e+02	8.301262e-01
3.533831e-04	3.395000e+02	8.022344e-01
3.533831e-04	3.397500e+02	7.828474e-01
3.533831e-04	3.400000e+02	7.086108e-01
3.533831e-04	3.402500e+02	6.520283e-01
3.533831e-04	3.405000e+02	6.980436e-01
3.533831e-04	3.407500e+02	6.830851e-01
3.533831e-04	3.410000e+02	6.216696e-01
3.533831e-04	3.412500e+02	5.289527e-01
3.533831e-04	3.415000e+02	4.488821e-01
3.533831e-04	3.417500e+02	3.356623e-01
3.533831e-04	3.420000e+02	2.283925e-01
3.533831e-04	3.422500e+02	1.496800e-01
3.533831e-04	3.425000e+02	8.100705e-02
3.533831e-04	3.427500e+02	5.303008e-03
3.533831e-04	3.430000e+02	2.224356e-04
3.533831e-04	3.432500e+02	4.186861e-06
3.533831e-04	3.435000e+02	1.716972e-06
3.533831e-04	3.437500e+02	1.867829e-05
3.533831e-04	3.440000e+02	7.741072e-05
3.533831e-04	3.442500e+02	1.854923e-05
3.533831e-04	3.445000e+02	6.463780e-06
3.533831e-04	3.447500e+02	1.309095e-05
3.533831e-04	3.450000e+02	2.862607e-04
3.533831e-04	3.452500e+02	1.795931e-02
3.533831e-04	3.455000e+02	3.648649e-02
3.533831e-04	3.457500e+02	5.015293e-02
3.533831e-04	3.460000e+02	3.037019e-02
3.533831e-04	3.462500e+02	1.863010e-02
3.533831e-04	3.465000e+02	7.865445e-04
3.533831e-04	3.467500e+02	4.118112e-05
3.533831e-04	3.470000e+02	7.497893e-07
3.533831e-04	3.472500e+02	1.635759e-06
3.533831e-04	3.475000e+02	7.573877e-05
3.533831e-04	3.477500e+02	6.747792e-05
3.533831e-04	3.480000e+02	5.612355e-04
3.533831e-04	3.482500e+02	4.515195e-02
3.533831e-04	3.485000e+02	4.161854e-02
3.533831e-04	3.487500e+02	6.724671e-02
3.533831e-04	3.490000e+02	8.766468e-02
3.533831e-04	3.492500e+02	1.095722e-01
3.533831e-04	3.495000e+02	1.305162e-01
3.533831e-04	3.497500e+02	1.301519e-01
3.533831e-04	3.500000e+02	1.018313e-01
3.533831e-04	3.502500e+02	1.222153e-01
3.533831e-04	3.505000e+02	1.692778e-01
3.533831e-04	3.507500e+02	1.724433e-01
3.533831e-04	3.510000e+02	1.744052e-01
3.533831e-04	3.512500e+02	1.831113e-01
3.533831e-04	3.515000e+02	1.919502e-01
3.533831e-04	3.517500e+02	1.870258e-01
3.533831e-04	3.520000e+02	0.000000e+00
3.533831e-04	3.522500e+02	1.575018e-01
3.533831e-04	3.525000e+02	1.635919e-01
3.533831e-04	3.527500e+02	1.711723e-01
3.533831e-04	3.530000e+02	1.677424e-01
3.533831e-04	3.532500e+02	1.565988e-01
3.533831e-04	3.535000e+02	1.393862e-01
3.533831e-04	3.537500e+02	1.147274e-01
3.533831e-04	3.540000e+02	1.013668e-01
3.533831e-04	3.542500e+02	9.626335e-02
3.533831e-04	3.545000e+02	8.995681e-02
3.533831e-04	3.547500e+02	7.681385e-02
3.533831e-04	3.550000e+02	6.301539e-02
3.533831e-04	3.552500e+02	5.125599e-02
3.533831e-04	3.555000e+02	4.599596e-02
3.533831e-04	3.557500e+02	4.381933e-02
3.533831e-04	3.560000e+02	3.981757e-02
3.533831e-04	3.562500e+02	3.773373e-02
3.533831e-04	3.565000e+02	3.808809e-02
3.533831e-04	3.567500e+02	4.064858e-02
3.533831e-04	3.570000e+02	4.265014e-02
3.533831e-04	3.572500e+02	4.172549e-02
3.533831e-04	3.575000e+02	3.935653e-02
3.533831e-04	3.577500e+02	3.299399e-02
3.533831e-04	3.580000e+02	2.844298e-02
3.533831e-04	3.582500e+02	2.714201e-02
3.533831e-04	3.585000e+02	2.188941e-02
3.533831e-04	3.587500e+02	1.753262e-02
3.533831e-04	3.590000e+02	1.348129e-02
3.533831e-04	3.592500e+02	9.978180e-03
3.533831e-04	3.595000e+02	6.627873e-03
3.533831e-04	3.597500e+02	3.512717e-04
3.533831e-04	3.600000e+02	0.000000e+00
3.533831e-04	3.602500e+02	2.805792e-04
3.533831e-04	3.605000e+02	3.326839e-03
3.533831e-04	3.607500e+02	3.115152e-03
3.533831e-04	3.610000e+02	2.681533e-03
3.533831e-04	3.612500e+02	1.941797e-03
3.533831e-04	3.615000e+02	1.489280e-03
3.533831e-04	3.617500e+02	1.091604e-03
3.533831e-04	3.620000e+02	5.632979e-04
3.533831e-04	3.622500e+02	2.756736e-04
3.533831e-04	3.625000e+02	9.634155e-05
3.533831e-04	3.627500e+02	7.882041e-07
3.533831e-04	3.630000e+02	7.829986e-05
3.533831e-04	3.632500e+02	3.608797e-04
3.533831e-04	3.635000e+02	8.566028e-04
3.533831e-04	3.637500e+02	1.612191e-03
3.533831e-04	3.640000e+02	2.629417e-03
3.533831e-04	3.642500e+02	3.761573e-03
3.533831e-04	3.645000e+02	5.116677e-03
3.533831e-04	3.647500e+02	6.737191e-03
3.533831e-04	3.650000e+02	8.527738e-03
3.533831e-04	3.652500e+02	1.045872e-02
3.533831e-04	3.655000e+02	1.200412e-02
3.533831e-04	3.657500e+02	1.295817e-02
3.533831e-04	3.660000e+02	1.363384e-02
3.533831e-04	3.662500e+02	1.518561e-02
3.533831e-04	3.665000e+02	1.900341e-02
3.533831e-04	3.667500e+02	2.276827e-02
3.533831e-04	3.670000e+02	2.558128e-02
3.533831e-04	3.672500e+02	2.756492e-02
3.533831e-04	3.675000e+02	2.999171e-02
3.533831e-04	3.677500e+02	3.239488e-02
3.533831e-04	3.680000e+02	0.000000e+00
3.533831e-04	3.682500e+02	3.597729e-02
3.533831e-04	3.685000e+02	2.727087e-02
3.533831e-04	3.687500e+02	2.506071e-02
3.533831e-04	3.690000e+02	3.931760e-02
3.533831e-04	3.692500e+02	1.819830e-02
3.533831e-04	3.695000e+02	1.158093e-02
3.533831e-04	3.697500e+02	2.451144e-02
3.533831e-04	3.700000e+02	2.841333e-02
3.533831e-04	3.702500e+02	4.545736e-02
3.533831e-04	3.705000e+02	5.711464e-02
3.533831e-04	3.707500e+02	6.441593e-02
3.533831e-04	3.710000e+02	7.128017e-02
3.533831e-04	3.712500e+02	7.828785e-02
3.533831e-04	3.715000e+02	8.028488e-02
3.533831e-04	3.717500e+02	7.160378e-02
3.533831e-04	3.720000e+02	7.787255e-02
3.533831e-04	3.722500e+02	9.984705e-02
3.533831e-04	3.725000e+02	1.075375e-01
3.533831e-04	3.727500e+02	1.120337e-01
3.533831e-04	3.730000e+02	1.160754e-01
3.533831e-04	3.732500e+02	1.217541e-01
3.533831e-04	3.735000e+02	1.266128e-01
3.533831e-04	3.737500e+02	1.312189e-01
3.533831e-04	3.740000e+02	1.353899e-01
3.533831e-04	3.742500e+02	1.417769e-01
3.533831e-04	3.745000e+02	1.469417e-01
3.533831e-04	3.747500e+02	1.498093e-01
3.533831e-04	3.750000e+02	1.519432e-01
3.533831e-04	3.752500e+02	1.524390e-01
3.533831e-04	3.755000e+02	1.539151e-01
3.533831e-04	3.757500e+02	1.585236e-01
3.533831e-04	3.760000e+02	1.635622e-01
3.533831e-04	3.762500e+02	1.655688e-01
3.533831e-04	3.765000e+02	1.693809e-01
3.533831e-04	3.767500e+02	1.734378e-01
3.533831e-04	3.770000e+02	1.767039e-01
3.533831e-04	3.772500e+02	1.788277e-01
3.533831e-04	3.775000e+02	1.765574e-01
3.533831e-04	3.777500e+02	1.766937e-01
3.533831e-04	3.780000e+02	1.820707e-01
3.533831e-04	3.782500e+02	1.842495e-01
3.533831e-04	3.785000e+02	1.825250e-01
3.533831e-04	3.787500e+02	1.809683e-01
3.533831e-04	3.790000e+02	1.810799e-01
3.533831e-04	3.792500e+02	1.794340e-01
3.533831e-04	3.795000e+02	1.651058e-01
3.533831e-04	3.797500e+02	1.365707e-01
3.533831e-04	3.800000e+02	1.523536e-01
3.533831e-04	3.802500e+02	1.702758e-01
3.533831e-04	3.805000e+02	1.673494e-01
3.533831e-04	3.807500e+02	1.707641e-01
3.533831e-04	3.810000e+02	1.760780e-01
3.533831e-04	3.812500e+02	1.845580e-01
3.533831e-04	3.815000e+02	1.897721e-01
3.533831e-04	3.817500e+02	1.884532e-01
3.533831e-04	3.820000e+02	1.982210e-01
3.533831e-04	3.822500e+02	2.063102e-01
3.533831e-04	3.825000e+02	2.098445e-01
3.533831e-04	3.827500e+02	2.118424e-01
3.533831e-04	3.830000e+02	2.126534e-01
3.533831e-04	3.832500e+02	2.142656e-01
3.533831e-04	3.835000e+02	2.137909e-01
3.533831e-04	3.837500e+02	2.126708e-01
3.533831e-04	3.840000e+02	0.000000e+00
3.533831e-04	3.842500e+02	2.155484e-01
3.533831e-04	3.845000e+02	2.144154e-01
3.533831e-04	3.847500e+02	2.141587e-01
3.533831e-04	3.850000e+02	2.137660e-01
3.533831e-04	3.852500e+02	2.114092e-01
3.533831e-04	3.855000e+02	2.084627e-01
3.533831e-04	3.857500e+02	2.065077e-01
3.533831e-04	3.860000e+02	2.049336e-01
3.533831e-04	3.862500e+02	2.026423e-01
3.533831e-04	3.865000e+02	2.009500e-01
3.533831e-04	3.867500e+02	1.985769e-01
3.533831e-04	3.870000e+02	1.969297e-01
3.533831e-04	3.872500e+02	1.945257e-01
3.533831e-04	3.875000e+02	1.916208e-01
3.533831e-04	3.877500e+02	1.879410e-01
3.533831e-04	3.880000e+02	1.846950e-01
3.533831e-04	3.882500e+02	1.808836e-01
3.533831e-04	3.885000e+02	1.763499e-01
3.533831e-04	3.887500e+02	1.728057e-01
3.533831e-04	3.890000e+02	1.671375e-01
3.533831e-04	3.892500e+02	1.620950e-01
3.533831e-04	3.895000e+02	1.549579e-01
3.533831e-04	3.897500e+02	1.462849e-01
3.533831e-04	3.900000e+02	1.443793e-01
3.533831e-04	3.902500e+02	1.356195e-01
3.533831e-04	3.905000e+02	1.335997e-01
3.533831e-04	3.907500e+02	1.316035e-01
3.533831e-04	3.910000e+02	1.354667e-01
3.533831e-04	3.912500e+02	1.421314e-01
3.533831e-04	3.915000e+02	1.458350e-01
3.533831e-04	3.917500e+02	1.469284e-01
3.533831e-04	3.920000e+02	1.486963e-01
3.533831e-04	3.922500e+02	1.482598e-01
3.533831e-04	3.925000e+02	1.472685e-01
3.533831e-04	3.927500e+02	1.448270e-01
3.533831e-04	3.930000e+02	1.437813e-01
3.533831e-04	3.932500e+02	1.419793e-01
3.533831e-04	3.935000e+02	1.393005e-01
3.533831e-04	3.937500e+02	1.367119e-01
3.533831e-04	3.940000e+02	1.347845e-01
3.533831e-04	3.942500e+02	1.321766e-01
3.533831e-04	3.945000e+02	1.291058e-01
3.533831e-04	3.947500e+02	1.261545e-01
3.533831e-04	3.950000e+02	1.241131e-01
3.533831e-04	3.952500e+02	1.204721e-01
3.533831e-04	3.955000e+02	1.171922e-01
3.533831e-04	3.957500e+02	1.142534e-01
3.533831e-04	3.960000e+02	1.106232e-01
3.533831e-04	3.962500e+02	1.068959e-01
3.533831e-04	3.965000e+02	1.029526e-01
3.533831e-04	3.967500e+02	9.975111e-02
3.533831e-04	3.970000e+02	9.675452e-02
3.533831e-04	3.972500e+02	9.335427e-02
3.533831e-04	3.975000e+02	8.992265e-02
3.533831e-04	3.977500e+02	8.664062e-02
3.533831e-04	3.980000e+02	8.327410e-02
3.533831e-04	3.982500e+02	7.932374e-02
3.533831e-04	3.985000e+02	7.616918e-02
3.533831e-04	3.987500e+02	7.305147e-02
3.533831e-04	3.990000e+02	6.939517e-02
3.533831e-04	3.992500e+02	6.571668e-02
3.533831e-04	3.995000e+02	6.019730e-02
3.533831e-04	3.997500e+02	5.660240e-02
3.533831e-04	4.000000e+02	0.000000e+00
3.533831e-04	4.002500e+02	4.992956e-02
3.533831e-04	4.005000e+02	4.999089e-02
3.533831e-04	4.007500e+02	4.852936e-02
3.533831e-04	4.010000e+02	4.875748e-02
3.533831e-04	4.012500e+02	4.855404e-02
3.533831e-04	4.015000e+02	4.730767e-02
3.533831e-04	4.017500e+02	4.552163e-02
3.533831e-04	4.020000e+02	4.377618e-02
3.533831e-04	4.022500e+02	4.153714e-02
3.533831e-04	4.025000e+02	3.970716e-02
3.533831e-04	4.027500e+02	3.809170e-02
3.533831e-04	4.030000e+02	3.637492e-02
3.533831e-04	4.032500e+02	3.431576e-02
3.533831e-04	4.035000e+02	3.208331e-02
3.533831e-04	4.037500e+02	3.037246e-02
3.533831e-04	4.040000e+02	2.854900e-02
3.533831e-04	4.042500e+02	2.662797e-02
3.533831e-04	4.045000e+02	2.468744e-02
3.533831e-04	4.047500e+02	2.283682e-02
3.533831e-04	4.050000e+02	2.116036e-02
3.533831e-04	4.052500e+02	1.873612e-02
3.533831e-04	4.055000e+02	1.549417e-02
3.533831e-04	4.057500e+02	1.509098e-02
3.533831e-04	4.060000e+02	1.469104e-02
3.533831e-04	4.062500e+02	7.629561e-03
3.533831e-04	4.065000e+02	6.607609e-03
3.533831e-04	4.067500e+02	1.102502e-02
3.533831e-04	4.070000e+02	1.017202e-02
3.533831e-04	4.072500e+02	8.988523e-03
3.533831e-04	4.075000e+02	8.127284e-03
3.533831e-04	4.077500e+02	7.238827e-03
3.533831e-04	4.080000e+02	6.293314e-03
3.533831e-04	4.082500e+02	5.475100e-03
3.533831e-04	4.085000e+02	4.759165e-03
3.533831e-04	4.087500e+02	4.069435e-03
3.533831e-04	4.090000e+02	3.402529e-03
3.533831e-04	4.092500e+02	2.812511e-03
3.533831e-04	4.095000e+02	2.254949e-03
3.533831e-04	4.097500e+02	1.753241e-03
3.533831e-04	4.100000e+02	1.174912e-03
3.533831e-04	4.102500e+02	8.928975e-04
3.533831e-04	4.105000e+02	7.105087e-04
3.533831e-04	4.107500e+02	4.858560e-04
3.533831e-04	4.110000e+02	3.051040e-04
3.533831e-04	4.112500e+02	1.600185e-04
3.533831e-04	4.115000e+02	6.035744e-05
3.533831e-04	4.117500e+02	8.392444e-06
3.533831e-04	4.120000e+02	3.974268e-06
3.533831e-04	4.122500e+02	4.713347e-05
3.533831e-04	4.125000e+02	1.366938e-04
3.533831e-04	4.127500e+02	2.734711e-04
3.533831e-04	4.130000e+02	4.522461e-04
3.533831e-04	4.132500e+02	6.704924e-04
3.533831e-04	4.135000e+02	9.197285e-04
3.533831e-04	4.137500e+02	1.187438e-03
3.533831e-04	4.140000e+02	1.532600e-03
3.533831e-04	4.142500e+02	1.950737e-03
3.533831e-04	4.145000e+02	2.413653e-03
3.533831e-04	4.147500e+02	2.893975e-03
3.533831e-04	4.150000e+02	3.378971e-03
3.533831e-04	4.152500e+02	3.875400e-03
3.533831e-04	4.155000e+02	4.378580e-03
3.533831e-04	4.157500e+02	4.946043e-03
3.533831e-04	4.160000e+02	0.000000e+00
3.533831e-04	4.162500e+02	6.138191e-03
3.533831e-04	4.165000e+02	6.772101e-03
3.533831e-04	4.167500e+02	7.401298e-03
3.533831e-04	4.170000e+02	8.020201e-03
3.533831e-04	4.172500e+02	8.673713e-03
3.533831e-04	4.175000e+02	9.276054e-03
3.533831e-04	4.177500e+02	9.806442e-03
3.533831e-04	4.180000e+02	1.049510e-02
3.533831e-04	4.182500e+02	1.126856e-02
3.533831e-04	4.185000e+02	1.171471e-02
3.533831e-04	4.187500e+02	1.228481e-02
3.533831e-04	4.190000e+02	1.278771e-02
3.533831e-04	4.192500e+02	1.302068e-02
3.533831e-04	4.195000e+02	1.207847e-02
3.533831e-04	4.197500e+02	2.019618e-03
3.533831e-04	4.200000e+02	0.000000e+00
3.533831e-04	4.202500e+02	2.512982e-03
3.533831e-04	4.205000e+02	1.444326e-02
3.533831e-04	4.207500e+02	1.691642e-02
3.533831e-04	4.210000e+02	1.877318e-02
3.533831e-04	4.212500e+02	2.015961e-02
3.533831e-04	4.215000e+02	2.140167e-02
3.533831e-04	4.217500e+02	2.287245e-02
3.533831e-04	4.220000e+02	2.382151e-02
3.533831e-04	4.222500e+02	2.494103e-02
3.533831e-04	4.225000e+02	2.606029e-02
3.533831e-04	4.227500e+02	2.682104e-02
3.533831e-04	4.230000e+02	2.726844e-02
3.533831e-04	4.232500e+02	2.760809e-02
3.533831e-04	4.235000e+02	2.804392e-02
3.533831e-04	4.237500e+02	2.912761e-02
3.533831e-04	4.240000e+02	3.026262e-02
3.533831e-04	4.242500e+02	3.143165e-02
3.533831e-04	4.245000e+02	3.282013e-02
3.533831e-04	4.247500e+02	3.449396e-02
3.533831e-04	4.250000e+02	3.579758e-02
3.533831e-04	4.252500e+02	3.693293e-02
3.533831e-04	4.255000e+02	3.741649e-02
3.533831e-04	4.257500e+02	3.761153e-02
3.533831e-04	4.260000e+02	3.746871e-02
3.533831e-04	4.262500e+02	3.784372e-02
3.533831e-04	4.265000e+02	3.939243e-02
3.533831e-04	4.267500e+02	4.037314e-02
3.533831e-04	4.270000e+02	4.109888e-02
3.533831e-04	4.272500e+02	4.162236e-02
3.533831e-04	4.275000e+02	4.196340e-02
3.533831e-04	4.277500e+02	4.222069e-02
3.533831e-04	4.280000e+02	4.254369e-02
3.533831e-04	4.282500e+02	4.296027e-02
3.533831e-04	4.285000e+02	4.323315e-02
3.533831e-04	4.287500e+02	4.351847e-02
3.533831e-04	4.290000e+02	4.353618e-02
3.533831e-04	4.292500e+02	4.307173e-02
3.533831e-04	4.295000e+02	4.297874e-02
3.533831e-04	4.297500e+02	4.098801e-02
3.533831e-04	4.300000e+02	4.025668e-02
3.533831e-04	4.302500e+02	4.224223e-02
3.533831e-04	4.305000e+02	4.246749e-02
3.533831e-04	4.307500e+02	4.419274e-02
3.533831e-04	4.310000e+02	4.537507e-02
3.533831e-04	4.312500e+02	4.610669e-02
3.533831e-04	4.315000e+02	4.650773e-02
3.533831e-04	4.317500e+02	4.630197e-02
3.533831e-04	4.320000e+02	0.000000e+00
3.533831e-04	4.322500e+02	4.744458e-02
3.533831e-04	4.325000e+02	4.773846e-02
3.533831e-04	4.327500e+02	4.791001e-02
3.533831e-04	4.330000e+02	4.767399e-02
3.533831e-04	4.332500e+02	4.703517e-02
3.533831e-04	4.335000e+02	4.666664e-02
3.533831e-04	4.337500e+02	4.671459e-02
3.533831e-04	4.340000e+02	4.704298e-02
3.533831e-04	4.342500e+02	4.714443e-02
3.533831e-04	4.345000e+02	4.702830e-02
3.533831e-04	4.347500e+02	4.677770e-02
3.533831e-04	4.350000e+02	4.636436e-02
3.533831e-04	4.352500e+02	4.591422e-02
3.533831e-04	4.355000e+02	4.576589e-02
3.533831e-04	4.357500e+02	4.549444e-02
3.533831e-04	4.360000e+02	4.520898e-02
3.533831e-04	4.362500e+02	4.467848e-02
3.533831e-04	4.365000e+02	4.427672e-02
3.533831e-04	4.367500e+02	4.413301e-02
3.533831e-04	4.370000e+02	4.406019e-02
3.533831e-04	4.372500e+02	4.358507e-02
3.533831e-04	4.375000e+02	4.335183e-02
3.533831e-04	4.377500e+02	4.285808e-02
3.533831e-04	4.380000e+02	4.186135e-02
3.533831e-04	4.382500e+02	4.095923e-02
3.533831e-04	4.385000e+02	4.036009e-02
3.533831e-04	4.387500e+02	3.991889e-02
3.533831e-04	4.390000e+02	3.916041e-02
3.533831e-04	4.392500e+02	3.842085e-02
3.533831e-04	4.395000e+02	3.796540e-02
3.533831e-04	4.397500e+02	3.728073e-02
3.533831e-04	4.400000e+02	3.681604e-02
3.533831e-04	4.402500e+02	3.555153e-02
3.533831e-04	4.405000e+02	3.505333e-02
3.533831e-04	4.407500e+02	3.535207e-02
3.533831e-04	4.410000e+02	3.525340e-02
3.533831e-04	4.412500e+02	3.458734e-02
3.533831e-04	4.415000e+02	3.388705e-02
3.533831e-04	4.417500e+02	3.285474e-02
3.533831e-04	4.420000e+02	3.141111e-02
3.533831e-04	4.422500e+02	2.900111e-02
3.533831e-04	4.425000e+02	2.815785e-02
3.533831e-04	4.427500e+02	3.014320e-02
3.533831e-04	4.430000e+02	2.870628e-02
3.533831e-04	4.432500e+02	1.914270e-02
3.533831e-04	4.435000e+02	2.151482e-02
3.533831e-04	4.437500e+02	2.791628e-02
3.533831e-04	4.440000e+02	2.723901e-02
3.533831e-04	4.442500e+02	2.678995e-02
3.533831e-04	4.445000e+02	2.620383e-02
3.533831e-04	4.447500e+02	2.543662e-02
3.533831e-04	4.450000e+02	2.467996e-02
3.533831e-04	4.452500e+02	2.399872e-02
3.533831e-04	4.455000e+02	2.325506e-02
3.533831e-04	4.457500e+02	2.237403e-02
3.533831e-04	4.460000e+02	2.167446e-02
3.533831e-04	4.462500e+02	2.106671e-02
3.533831e-04	4.465000e+02	2.047083e-02
3.533831e-04	4.467500e+02	1.984380e-02
3.533831e-04	4.470000e+02	1.929589e-02
3.533831e-04	4.472500e+02	1.848838e-02
3.533831e-04	4.475000e+02	1.769756e-02
3.533831e-04	4.477500e+02	1.690688e-02
3.533831e-04	4.480000e+02	0.000000e+00
3.533831e-04	4.482500e+02	1.552470e-02
3.533831e-04	4.485000e+02	1.471957e-02
3.533831e-04	4.487500e+02	1.406063e-02
3.533831e-04	4.490000e+02	1.361618e-02
3.533831e-04	4.492500e+02	1.306291e-02
3.533831e-04	4.495000e+02	1.256987e-02
3.533831e-04	4.497500e+02	1.214764e-02
3.533831e-04	4.500000e+02	1.157429e-02
3.533831e-04	4.502500e+02	1.094330e-02
3.533831e-04	4.505000e+02	1.084594e-02
3.533831e-04	4.507500e+02	1.082679e-02
3.533831e-04	4.510000e+02	1.059589e-02
3.533831e-04	4.512500e+02	1.026868e-02
3.533831e-04	4.515000e+02	9.954379e-03
3.533831e-04	4.517500e+02	9.676077e-03
3.533831e-04	4.520000e+02	9.308126e-03
3.533831e-04	4.522500e+02	8.931842e-03
3.533831e-04	4.525000e+02	8.547485e-03
3.533831e-04	4.527500e+02	8.134592e-03
3.533831e-04	4.530000e+02	7.799954e-03
3.533831e-04	4.532500e+02	7.417089e-03
3.533831e-04	4.535000e+02	6.954366e-03
3.533831e-04	4.537500e+02	6.483928e-03
3.533831e-04	4.540000e+02	6.091040e-03
3.533831e-04	4.542500e+02	5.701382e-03
3.533831e-04	4.545000e+02	5.331123e-03
3.533831e-04	4.547500e+02	4.949194e-03
3.533831e-04	4.550000e+02	4.530525e-03
3.533831e-04	4.552500e+02	4.058688e-03
3.533831e-04	4.555000e+02	3.521483e-03
3.533831e-04	4.557500e+02	3.089241e-03
3.533831e-04	4.560000e+02	2.764995e-03
3.533831e-04	4.562500e+02	2.527743e-03
3.533831e-04	4.565000e+02	2.437714e-03
3.533831e-04	4.567500e+02	2.278573e-03
3.533831e-04	4.570000e+02	2.069325e-03
3.533831e-04	4.572500e+02	1.855248e-03
3.533831e-04	4.575000e+02	1.635539e-03
3.533831e-04	4.577500e+02	1.420253e-03
3.533831e-04	4.580000e+02	1.213186e-03
3.533831e-04	4.582500e+02	1.021605e-03
3.533831e-04	4.585000e+02	8.529114e-04
3.533831e-04	4.587500e+02	6.941982e-04
3.533831e-04	4.590000e+02	5.520949e-04
3.533831e-04	4.592500e+02	4.231382e-04
3.533831e-04	4.595000e+02	3.135448e-04
3.533831e-04	4.597500e+02	2.204029e-04
3.533831e-04	4.600000e+02	1.364333e-04
3.533831e-04	4.602500e+02	7.772797e-05
3.533831e-04	4.605000e+02	4.084201e-05
3.533831e-04	4.607500e+02	1.354173e-05
3.533831e-04	4.610000e+02	7.913470e-07
3.533831e-04	4.612500e+02	3.663336e-06
3.533831e-04	4.615000e+02	2.238705e-05
3.533831e-04	4.617500e+02	5.704234e-05
3.533831e-04	4.620000e+02	1.059279e-04
3.533831e-04	4.622500e+02	1.700008e-04
3.533831e-04	4.625000e+02	2.497959e-04
3.533831e-04	4.627500e+02	3.447112e-04
3.533831e-04	4.630000e+02	4.521429e-04
3.533831e-04	4.632500e+02	5.717056e-04
3.533831e-04	4.635000e+02	6.977833e-04
3.533831e-04	4.637500e+02	8.451455e-04
3.533831e-04	4.640000e+02	0.000000e+00
3.533831e-04	4.642500e+02	1.166829e-03
3.533831e-04	4.645000e+02	1.336580e-03
3.533831e-04	4.647500e+02	1.517445e-03
3.533831e-04	4.650000e+02	1.710815e-03
3.533831e-04	4.652500e+02	1.877749e-03
3.533831e-04	4.655000e+02	1.582078e-03
3.533831e-04	4.657500e+02	1.361205e-03
3.533831e-04	4.660000e+02	2.096425e-03
3.533831e-04	4.662500e+02	2.524660e-03
3.533831e-04	4.665000e+02	2.916217e-03
3.533831e-04	4.667500e+02	3.285967e-03
3.533831e-04	4.670000e+02	3.691188e-03
3.533831e-04	4.672500e+02	4.154763e-03
3.533831e-04	4.675000e+02	4.561292e-03
3.533831e-04	4.677500e+02	4.872570e-03
3.533831e-04	4.680000e+02	4.874272e-03
3.533831e-04	4.682500e+02	5.266347e-03
3.533831e-04	4.685000e+02	6.099117e-03
3.533831e-04	4.687500e+02	6.609474e-03
3.533831e-04	4.690000e+02	7.005199e-03
3.533831e-04	4.692500e+02	7.376795e-03
3.533831e-04	4.695000e+02	7.651499e-03
3.533831e-04	4.697500e+02	7.780173e-03
3.533831e-04	4.700000e+02	7.235506e-03
3.533831e-04	4.702500e+02	7.904749e-03
3.533831e-04	4.705000e+02	9.442044e-03
3.533831e-04	4.707500e+02	1.007081e-02
3.533831e-04	4.710000e+02	1.064906e-02
3.533831e-04	4.712500e+02	1.121030e-02
3.533831e-04	4.715000e+02	1.169767e-02
3.533831e-04	4.717500e+02	1.208029e-02
3.533831e-04	4.720000e+02	1.254814e-02
3.533831e-04	4.722500e+02	1.303668e-02
3.533831e-04	4.725000e+02	1.357718e-02
3.533831e-04	4.727500e+02	1.404967e-02
3.533831e-04	4.730000e+02	1.450490e-02
3.533831e-04	4.732500e+02	1.479873e-02
3.533831e-04	4.735000e+02	1.479984e-02
3.533831e-04	4.737500e+02	1.461311e-02
3.533831e-04	4.740000e+02	1.527759e-02
3.533831e-04	4.742500e+02	1.626451e-02
3.533831e-04	4.745000e+02	1.709034e-02
3.533831e-04	4.747500e+02	1.761349e-02
3.533831e-04	4.750000e+02	1.789727e-02
3.533831e-04	4.752500e+02	1.824521e-02
3.533831e-04	4.755000e+02	1.871130e-02
3.533831e-04	4.757500e+02	1.921079e-02
3.533831e-04	4.760000e+02	1.984370e-02
3.533831e-04	4.762500e+02	2.018047e-02
3.533831e-04	4.765000e+02	2.040310e-02
3.533831e-04	4.767500e+02	2.075835e-02
3.533831e-04	4.770000e+02	2.082261e-02
3.533831e-04	4.772500e+02	2.047485e-02
3.533831e-04	4.775000e+02	1.905310e-02
3.533831e-04	4.777500e+02	1.729530e-02
3.533831e-04	4.780000e+02	1.729950e-02
3.533831e-04	4.782500e+02	1.798605e-02
3.533831e-04	4.785000e+02	1.719287e-02
3.533831e-04	4.787500e+02	1.665352e-02
3.533831e-04	4.790000e+02	1.574816e-02
3.533831e-04	4.792500e+02	1.370813e-02
3.533831e-04	4.795000e+02	1.254902e-02
3.533831e-04	4.797500e+02	3.442535e-03
3.533831e-04	4.800000e+02	0.000000e+00
3.533831e-04	4.802500e+02	3.195528e-03
3.533831e-04	4.805000e+02	1.185517e-02
3.533831e-04	4.807500e+02	1.519331e-02
3.533831e-04	4.810000e+02	1.742895e-02
3.533831e-04	4.812500e+02	1.879141e-02
3.533831e-04	4.815000e+02	2.003883e-02
3.533831e-04	4.817500e+02	2.144805e-02
3.533831e-04	4.820000e+02	2.101730e-02
3.533831e-04	4.822500e+02	2.238468e-02
3.533831e-04	4.825000e+02	2.561340e-02
3.533831e-04	4.827500e+02	2.762677e-02
3.533831e-04	4.830000e+02	2.861360e-02
3.533831e-04	4.832500e+02	2.906608e-02
3.533831e-04	4.835000e+02	2.928420e-02
3.533831e-04	4.837500e+02	2.708029e-02
3.533831e-04	4.840000e+02	2.331855e-02
3.533831e-04	4.842500e+02	2.649519e-02
3.533831e-04	4.845000e+02	2.982879e-02
3.533831e-04	4.847500e+02	3.048447e-02
3.533831e-04	4.850000e+02	3.110539e-02
3.533831e-04	4.852500e+02	3.135557e-02
3.533831e-04	4.855000e+02	3.105986e-02
3.533831e-04	4.857500e+02	3.049750e-02
3.533831e-04	4.860000e+02	2.948226e-02
3.533831e-04	4.862500e+02	2.928391e-02
3.533831e-04	4.865000e+02	3.065822e-02
3.533831e-04	4.867500e+02	3.145592e-02
3.533831e-04	4.870000e+02	3.161640e-02
3.533831e-04	4.872500e+02	3.159527e-02
3.533831e-04	4.875000e+02	3.158201e-02
3.533831e-04	4.877500e+02	3.152932e-02
3.533831e-04	4.880000e+02	3.135510e-02
3.533831e-04	4.882500e+02	3.128522e-02
3.533831e-04	4.885000e+02	3.106085e-02
3.533831e-04	4.887500e+02	3.090287e-02
3.533831e-04	4.890000e+02	3.055092e-02
3.533831e-04	4.892500e+02	3.011274e-02
3.533831e-04	4.895000e+02	2.942610e-02
3.533831e-04	4.897500e+02	2.747543e-02
3.533831e-04	4.900000e+02	2.680573e-02
3.533831e-04	4.902500e+02	2.820805e-02
3.533831e-04	4.905000e+02	2.846219e-02
3.533831e-04	4.907500e+02	2.836999e-02
3.533831e-04	4.910000e+02	2.809471e-02
3.533831e-04	4.912500e+02	2.752938e-02
3.533831e-04	4.915000e+02	2.684519e-02
3.533831e-04	4.917500e+02	2.483841e-02
3.533831e-04	4.920000e+02	2.471954e-02
3.533831e-04	4.922500e+02	2.613558e-02
3.533831e-04	4.925000e+02	2.634538e-02
3.533831e-04	4.927500e+02	2.632689e-02
3.533831e-04	4.930000e+02	2.595364e-02
3.533831e-04	4.932500e+02	2.536292e-02
3.533831e-04	4.935000e+02	2.488294e-02
3.533831e-04	4.937500e+02	2.450847e-02
3.533831e-04	4.940000e+02	2.390596e-02
3.533831e-04	4.942500e+02	2.349658e-02
3.533831e-04	4.945000e+02	2.299479e-02
3.533831e-04	4.947500e+02	2.269420e-02
3.533831e-04	4.950000e+02	2.231833e-02
3.533831e-04	4.952500e+02	2.179244e-02
3.533831e-04	4.955000e+02	2.128060e-02
3.533831e-04	4.957500e+02	2.071782e-02
3.533831e-04	4.960000e+02	0.000000e+00
3.533831e-04	4.962500e+02	1.968128e-02
3.533831e-04	4.965000e+02	1.921193e-02
3.533831e-04	4.967500e+02	1.877997e-02
3.533831e-04	4.970000e+02	1.834224e-02
3.533831e-04	4.972500e+02	1.777403e-02
3.533831e-04	4.975000e+02	1.716437e-02
3.533831e-04	4.977500e+02	1.663684e-02
3.533831e-04	4.980000e+02	1.614376e-02
3.533831e-04	4.982500e+02	1.560318e-02
3.533831e-04	4.985000e+02	1.499684e-02
3.533831e-04	4.987500e+02	1.448025e-02
3.533831e-04	4.990000e+02	1.407913e-02
3.533831e-04	4.992500e+02	1.355709e-02
3.533831e-04	4.995000e+02	1.291448e-02
3.533831e-04	4.997500e+02	1.213589e-02
3.533831e-04	5.000000e+02	1.166751e-02
